dev3221_imps_34, freq /Hz, Zr , Zi, Zr calc, Zi calc
5.000000E+6;2.308040E+3;-4.358320E+3;2.656137E+3;-6.062695E+3
4.304039E+6;2.506840E+3;-5.120760E+3;3.017911E+3;-6.767093E+3
3.704951E+6;2.749520E+3;-5.969060E+3;3.432446E+3;-7.547331E+3
3.189251E+6;3.044990E+3;-6.912400E+3;3.907999E+3;-8.409863E+3
2.745333E+6;3.407210E+3;-7.962700E+3;4.454142E+3;-9.361169E+3
2.363204E+6;3.852940E+3;-9.132460E+3;5.081939E+3;-1.040757E+4
2.034265E+6;4.403530E+3;-1.042400E+4;5.804125E+3;-1.155495E+4
1.751111E+6;5.071070E+3;-1.184460E+4;6.635276E+3;-1.280845E+4
1.507370E+6;5.882830E+3;-1.340590E+4;7.591948E+3;-1.417195E+4
1.297556E+6;6.864390E+3;-1.510140E+4;8.692757E+3;-1.564761E+4
1.116947E+6;8.045180E+3;-1.693770E+4;9.958371E+3;-1.723511E+4
9.614765E+5;9.277230E+3;-1.850800E+4;1.141135E+4;-1.893088E+4
8.276465E+5;1.095630E+4;-2.067170E+4;1.307580E+4;-2.072722E+4
7.124447E+5;1.293450E+4;-2.291570E+4;1.497670E+4;-2.261128E+4
6.132780E+5;1.523900E+4;-2.520890E+4;1.713899E+4;-2.456412E+4
5.279145E+5;1.789480E+4;-2.751400E+4;1.958613E+4;-2.655988E+4
4.544330E+5;2.092140E+4;-2.978090E+4;2.233832E+4;-2.856515E+4
3.911795E+5;2.432400E+4;-3.195590E+4;2.541029E+4;-3.053893E+4
3.367304E+5;2.809570E+4;-3.397020E+4;2.880882E+4;-3.243317E+4
2.898602E+5;3.221350E+4;-3.576030E+4;3.253018E+4;-3.419426E+4
2.495140E+5;3.663650E+4;-3.726280E+4;3.655791E+4;-3.576547E+4
2.147836E+5;4.131100E+4;-3.842090E+4;4.086125E+4;-3.709040E+4
1.848874E+5;4.616600E+4;-3.919440E+4;4.539478E+4;-3.811708E+4
1.591525E+5;5.111550E+4;-3.955040E+4;5.009949E+4;-3.880240E+4
1.369998E+5;5.607690E+4;-3.948660E+4;5.490547E+4;-3.911619E+4
1.179305E+5;6.096950E+4;-3.901120E+4;5.973607E+4;-3.904428E+4
1.015155E+5;6.570430E+4;-3.815630E+4;6.451297E+4;-3.858996E+4
8.738533E+4;7.021750E+4;-3.696320E+4;6.916148E+4;-3.777366E+4
7.522198E+4;7.446070E+4;-3.549240E+4;7.361536E+4;-3.663084E+4
6.475168E+4;7.839600E+4;-3.380060E+4;7.782043E+4;-3.520842E+4
5.573875E+4;8.200340E+4;-3.195250E+4;8.173672E+4;-3.356055E+4
4.798036E+4;8.527180E+4;-3.000320E+4;8.533893E+4;-3.174424E+4
4.130187E+4;8.821530E+4;-2.800850E+4;8.861558E+4;-2.981540E+4
3.555298E+4;9.083710E+4;-2.600810E+4;9.156717E+4;-2.782581E+4
3.060428E+4;9.317120E+4;-2.404650E+4;9.420376E+4;-2.582104E+4
2.634441E+4;9.523030E+4;-2.214500E+4;9.654239E+4;-2.383928E+4
2.267748E+4;9.704750E+4;-2.032830E+4;9.860474E+4;-2.191109E+4
1.952095E+4;9.863830E+4;-1.860920E+4;1.004150E+5;-2.005970E+4
1.680379E+4;1.000460E+5;-1.699800E+4;1.019983E+5;-1.830167E+4
1.446483E+4;1.012810E+5;-1.550120E+4;1.033794E+5;-1.664784E+4
1.245144E+4;1.023720E+5;-1.411170E+4;1.045818E+5;-1.510428E+4
1.071830E+4;1.033290E+5;-1.283620E+4;1.056276E+5;-1.367328E+4
9.226397E+3;1.041730E+5;-1.166570E+4;1.065365E+5;-1.235417E+4
7.942156E+3;1.049200E+5;-1.059560E+4;1.073265E+5;-1.114412E+4
6.836670E+3;1.055850E+5;-9.621460E+3;1.080133E+5;-1.003874E+4
5.885060E+3;1.061690E+5;-8.739690E+3;1.086109E+5;-9.032633E+3
5.065906E+3;1.066970E+5;-7.935380E+3;1.091314E+5;-8.119756E+3
4.360772E+3;1.071670E+5;-7.208200E+3;1.095852E+5;-7.293757E+3
3.753787E+3;1.075900E+5;-6.553310E+3;1.099816E+5;-6.548209E+3
3.231289E+3;1.079650E+5;-5.961790E+3;1.103282E+5;-5.876775E+3
2.781519E+3;1.083080E+5;-5.426920E+3;1.106319E+5;-5.273335E+3
2.394354E+3;1.086210E+5;-4.947430E+3;1.108984E+5;-4.732064E+3
2.061079E+3;1.089040E+5;-4.516550E+3;1.111329E+5;-4.247487E+3
1.774193E+3;1.091620E+5;-4.127910E+3;1.113395E+5;-3.814508E+3
1.527239E+3;1.094050E+5;-3.780210E+3;1.115220E+5;-3.428421E+3
1.314660E+3;1.096220E+5;-3.473170E+3;1.116837E+5;-3.084912E+3
1.131669E+3;1.098220E+5;-3.194390E+3;1.118273E+5;-2.780050E+3
9.741499E+2;1.100080E+5;-2.947260E+3;1.119552E+5;-2.510277E+3
8.385559E+2;1.101820E+5;-2.726380E+3;1.120697E+5;-2.272387E+3
7.218355E+2;1.103430E+5;-2.533600E+3;1.121724E+5;-2.063509E+3
6.213617E+2;1.104820E+5;-2.360000E+3;1.122651E+5;-1.881088E+3
5.348731E+2;1.106210E+5;-2.208080E+3;1.123493E+5;-1.722866E+3
4.604230E+2;1.107520E+5;-2.078660E+3;1.124261E+5;-1.586861E+3
3.963357E+2;1.108820E+5;-1.964530E+3;1.124968E+5;-1.471352E+3
3.411689E+2;1.110050E+5;-1.864300E+3;1.125624E+5;-1.374860E+3
2.936809E+2;1.111220E+5;-1.789060E+3;1.126238E+5;-1.296138E+3
2.528028E+2;1.112460E+5;-1.729600E+3;1.126819E+5;-1.234152E+3
2.176147E+2;1.113300E+5;-1.674910E+3;1.127376E+5;-1.188078E+3
1.873244E+2;1.114380E+5;-1.643500E+3;1.127916E+5;-1.157288E+3
1.612504E+2;1.115380E+5;-1.620040E+3;1.128446E+5;-1.141341E+3
1.388056E+2;1.116500E+5;-1.612880E+3;1.128974E+5;-1.139987E+3
1.194849E+2;1.117380E+5;-1.613970E+3;1.129506E+5;-1.153155E+3
1.028536E+2;1.118450E+5;-1.642280E+3;1.130050E+5;-1.180957E+3
8.853717E+1;1.119400E+5;-1.671780E+3;1.130612E+5;-1.223689E+3
7.621350E+1;1.120350E+5;-1.728650E+3;1.131200E+5;-1.281834E+3
6.560518E+1;1.121480E+5;-1.793570E+3;1.131821E+5;-1.356067E+3
5.647346E+1;1.122700E+5;-1.903340E+3;1.132483E+5;-1.447263E+3
4.861280E+1;1.125610E+5;-1.870940E+3;1.133195E+5;-1.556512E+3
4.184628E+1;1.124590E+5;-2.093520E+3;1.133965E+5;-1.685124E+3
3.602161E+1;1.125920E+5;-2.242390E+3;1.134803E+5;-1.834652E+3
3.100768E+1;1.127150E+5;-2.419580E+3;1.135719E+5;-2.006908E+3
2.669166E+1;1.128470E+5;-2.605180E+3;1.136725E+5;-2.203985E+3
2.297639E+1;1.129890E+5;-2.829810E+3;1.137833E+5;-2.428282E+3
1.977826E+1;1.131440E+5;-3.082770E+3;1.139057E+5;-2.682534E+3
1.702528E+1;1.132930E+5;-3.371520E+3;1.140412E+5;-2.969845E+3
1.465550E+1;1.134770E+5;-3.705880E+3;1.141915E+5;-3.293726E+3
1.261557E+1;1.136800E+5;-4.068340E+3;1.143584E+5;-3.658137E+3
1.085958E+1;1.138830E+5;-4.489120E+3;1.145441E+5;-4.067537E+3
9.348012E+0;1.140940E+5;-4.980750E+3;1.147507E+5;-4.526937E+3
8.046843E+0;1.143390E+5;-5.520160E+3;1.149808E+5;-5.041961E+3
6.926786E+0;1.146350E+5;-6.129210E+3;1.152373E+5;-5.618914E+3
5.962632E+0;1.149240E+5;-6.806640E+3;1.155234E+5;-6.264860E+3
5.132680E+0;1.152560E+5;-7.585060E+3;1.158425E+5;-6.987710E+3
4.418252E+0;1.156340E+5;-8.424620E+3;1.161987E+5;-7.796311E+3
3.803266E+0;1.160060E+5;-9.441630E+3;1.165962E+5;-8.700562E+3
3.273881E+0;1.165610E+5;-1.048610E+4;1.170401E+5;-9.711529E+3
2.818183E+0;1.170640E+5;-1.173660E+4;1.175359E+5;-1.084158E+4
2.425914E+0;1.177290E+5;-1.304330E+4;1.180896E+5;-1.210454E+4
2.088246E+0;1.182690E+5;-1.469160E+4;1.187081E+5;-1.351585E+4
1.797579E+0;1.191160E+5;-1.647470E+4;1.193991E+5;-1.509274E+4
1.547370E+0;1.202770E+5;-1.817050E+4;1.201713E+5;-1.685449E+4
1.331988E+0;1.208860E+5;-2.047420E+4;1.210341E+5;-1.882260E+4
1.146586E+0;1.222580E+5;-2.241490E+4;1.219983E+5;-2.102107E+4
9.869903E-1;1.234210E+5;-2.551770E+4;1.230760E+5;-2.347669E+4
8.496090E-1;1.245790E+5;-2.783760E+4;1.242807E+5;-2.621938E+4
7.313501E-1;1.266570E+5;-3.116030E+4;1.256274E+5;-2.928249E+4
6.295521E-1;1.279930E+5;-3.506970E+4;1.271330E+5;-3.270325E+4
5.419234E-1;1.296050E+5;-3.830120E+4;1.288164E+5;-3.652317E+4
4.664919E-1;1.322350E+5;-4.209350E+4;1.306990E+5;-4.078857E+4
4.015600E-1;1.351590E+5;-4.703270E+4;1.328045E+5;-4.555103E+4
3.456659E-1;1.377810E+5;-5.284940E+4;1.351596E+5;-5.086812E+4
2.975521E-1;1.401820E+5;-5.899500E+4;1.377944E+5;-5.680390E+4
2.561352E-1;1.426770E+5;-6.516190E+4;1.407426E+5;-6.342980E+4
2.204830E-1;1.458260E+5;-7.148220E+4;1.440421E+5;-7.082535E+4
1.897936E-1;1.497680E+5;-7.857510E+4;1.477354E+5;-7.907898E+4
1.633759E-1;1.543080E+5;-8.666000E+4;1.518705E+5;-8.828916E+4
1.406352E-1;1.595910E+5;-9.595860E+4;1.565015E+5;-9.856540E+4
1.210599E-1;1.653860E+5;-1.065260E+5;1.616893E+5;-1.100294E+5
1.042093E-1;1.717590E+5;-1.183680E+5;1.675024E+5;-1.228161E+5
8.970424E-2;1.786060E+5;-1.317930E+5;1.740187E+5;-1.370755E+5
7.721802E-2;1.862820E+5;-1.468130E+5;1.813257E+5;-1.529741E+5
6.646992E-2;1.947240E+5;-1.637680E+5;1.895226E+5;-1.706956E+5
5.721780E-2;2.039220E+5;-1.826410E+5;1.987221E+5;-1.904441E+5
4.925361E-2;2.138480E+5;-2.039680E+5;2.090514E+5;-2.124444E+5
4.239787E-2;2.255500E+5;-2.275520E+5;2.206557E+5;-2.369456E+5
3.649646E-2;2.380540E+5;-2.541530E+5;2.336995E+5;-2.642207E+5
3.141636E-2;2.525190E+5;-2.845090E+5;2.483708E+5;-2.945718E+5
2.704354E-2;2.681540E+5;-3.176570E+5;2.648826E+5;-3.283271E+5
2.327930E-2;2.856430E+5;-3.553260E+5;2.834799E+5;-3.658498E+5
2.003901E-2;3.055130E+5;-3.971740E+5;3.044415E+5;-4.075334E+5
1.724977E-2;3.287330E+5;-4.436610E+5;3.280864E+5;-4.538057E+5
1.484871E-2;3.542500E+5;-4.965720E+5;3.547814E+5;-5.051324E+5
1.278188E-2;3.839980E+5;-5.539820E+5;3.849452E+5;-5.620111E+5
1.100283E-2;4.179740E+5;-6.189380E+5;4.190573E+5;-6.249737E+5
9.471250E-3;4.571090E+5;-6.910920E+5;4.576758E+5;-6.945978E+5
8.152838E-3;5.017210E+5;-7.707950E+5;5.014327E+5;-7.714780E+5
7.018173E-3;5.498190E+5;-8.593170E+5;5.510440E+5;-8.562168E+5
6.041248E-3;6.105240E+5;-9.561580E+5;6.073636E+5;-9.494875E+5
5.200320E-3;6.779950E+5;-1.059500E+6;6.713365E+5;-1.051917E+6
4.476419E-3;7.530980E+5;-1.175940E+6;7.440566E+5;-1.164143E+6
dev3221_imps_33, freq /Hz, Zr , Zi, Zr calc, Zi calc
5.000000E+6;2.302790E+3;-4.372530E+3;2.825870E+3;-6.215076E+3
4.304039E+6;2.499580E+3;-5.137940E+3;3.203636E+3;-6.927116E+3
3.704951E+6;2.739930E+3;-5.990360E+3;3.635279E+3;-7.714612E+3
3.189251E+6;3.033540E+3;-6.938630E+3;4.129017E+3;-8.583845E+3
2.745333E+6;3.393010E+3;-7.995080E+3;4.694337E+3;-9.541113E+3
2.363204E+6;3.834900E+3;-9.172080E+3;5.342162E+3;-1.059254E+4
2.034265E+6;4.381250E+3;-1.047280E+4;6.085019E+3;-1.174381E+4
1.751111E+6;5.045180E+3;-1.190590E+4;6.937192E+3;-1.299989E+4
1.507370E+6;5.852790E+3;-1.347940E+4;7.914849E+3;-1.436453E+4
1.297556E+6;6.829680E+3;-1.519530E+4;9.036110E+3;-1.583981E+4
1.116947E+6;8.005250E+3;-1.705300E+4;1.032104E+4;-1.742546E+4
9.614765E+5;9.234570E+3;-1.864710E+4;1.179149E+4;-1.911816E+4
8.276465E+5;1.091070E+4;-2.084240E+4;1.347078E+4;-2.091063E+4
7.124447E+5;1.288770E+4;-2.312420E+4;1.538310E+4;-2.279078E+4
6.132780E+5;1.519540E+4;-2.546420E+4;1.755260E+4;-2.474076E+4
5.279145E+5;1.785900E+4;-2.782120E+4;2.000217E+4;-2.673622E+4
4.544330E+5;2.089860E+4;-3.014850E+4;2.275176E+4;-2.874566E+4
3.911795E+5;2.432430E+4;-3.239060E+4;2.581635E+4;-3.073034E+4
3.367304E+5;2.813110E+4;-3.448070E+4;2.920368E+4;-3.264471E+4
2.898602E+5;3.229370E+4;-3.634800E+4;3.291182E+4;-3.443767E+4
2.495140E+5;3.677870E+4;-3.793350E+4;3.692709E+4;-3.605468E+4
2.147836E+5;4.152780E+4;-3.917320E+4;4.122238E+4;-3.744081E+4
1.848874E+5;4.647550E+4;-4.002340E+4;4.575662E+4;-3.854450E+4
1.591525E+5;5.153320E+4;-4.045250E+4;5.047543E+4;-3.932167E+4
1.369998E+5;5.661320E+4;-4.044560E+4;5.531333E+4;-3.973962E+4
1.179305E+5;6.163400E+4;-4.001920E+4;6.019727E+4;-3.978022E+4
1.015155E+5;6.650790E+4;-3.919790E+4;6.505118E+4;-3.944169E+4
8.738533E+4;7.116400E+4;-3.802330E+4;6.980099E+4;-3.873884E+4
7.522198E+4;7.554890E+4;-3.655350E+4;7.437926E+4;-3.770151E+4
6.475168E+4;7.962200E+4;-3.485090E+4;7.872905E+4;-3.637169E+4
5.573875E+4;8.335990E+4;-3.297630E+4;8.280636E+4;-3.479972E+4
4.798036E+4;8.675480E+4;-3.099170E+4;8.658116E+4;-3.304016E+4
4.130187E+4;8.981170E+4;-2.895350E+4;9.003703E+4;-3.114792E+4
3.555298E+4;9.254220E+4;-2.690540E+4;9.316973E+4;-2.917506E+4
3.060428E+4;9.497160E+4;-2.488980E+4;9.598515E+4;-2.716843E+4
2.634441E+4;9.711870E+4;-2.293390E+4;9.849696E+4;-2.516831E+4
2.267748E+4;9.901260E+4;-2.106110E+4;1.007242E+5;-2.320772E+4
1.952095E+4;1.006720E+5;-1.928710E+4;1.026894E+5;-2.131252E+4
1.680379E+4;1.021410E+5;-1.762310E+4;1.044164E+5;-1.950188E+4
1.446483E+4;1.034280E+5;-1.607210E+4;1.059296E+5;-1.778907E+4
1.245144E+4;1.045640E+5;-1.463580E+4;1.072526E+5;-1.618230E+4
1.071830E+4;1.055600E+5;-1.331350E+4;1.084075E+5;-1.468570E+4
9.226397E+3;1.064400E+5;-1.210060E+4;1.094148E+5;-1.330015E+4
7.942156E+3;1.072180E+5;-1.099180E+4;1.102931E+5;-1.202404E+4
6.836670E+3;1.079090E+5;-9.980980E+3;1.110590E+5;-1.085394E+4
5.885060E+3;1.085150E+5;-9.058670E+3;1.117270E+5;-9.785159E+3
5.065906E+3;1.090670E+5;-8.229800E+3;1.123103E+5;-8.812169E+3
4.360772E+3;1.095510E+5;-7.476430E+3;1.128199E+5;-7.928964E+3
3.753787E+3;1.099920E+5;-6.797360E+3;1.132658E+5;-7.129319E+3
3.231289E+3;1.103830E+5;-6.183510E+3;1.136563E+5;-6.406995E+3
2.781519E+3;1.107410E+5;-5.628850E+3;1.139989E+5;-5.755882E+3
2.394354E+3;1.110640E+5;-5.130160E+3;1.143000E+5;-5.170105E+3
2.061079E+3;1.113570E+5;-4.680540E+3;1.145649E+5;-4.644085E+3
1.774193E+3;1.116230E+5;-4.276990E+3;1.147984E+5;-4.172590E+3
1.527239E+3;1.118750E+5;-3.921190E+3;1.150047E+5;-3.750753E+3
1.314660E+3;1.120950E+5;-3.597860E+3;1.151873E+5;-3.374085E+3
1.131669E+3;1.123050E+5;-3.309440E+3;1.153493E+5;-3.038470E+3
9.741499E+2;1.124950E+5;-3.050840E+3;1.154934E+5;-2.740158E+3
8.385559E+2;1.126750E+5;-2.819910E+3;1.156219E+5;-2.475753E+3
7.218355E+2;1.128400E+5;-2.618680E+3;1.157368E+5;-2.242196E+3
6.213617E+2;1.129900E+5;-2.437310E+3;1.158401E+5;-2.036748E+3
5.348731E+2;1.131310E+5;-2.286060E+3;1.159332E+5;-1.856967E+3
4.604230E+2;1.132690E+5;-2.146810E+3;1.160175E+5;-1.700699E+3
3.963357E+2;1.134070E+5;-2.024040E+3;1.160945E+5;-1.566053E+3
3.411689E+2;1.135360E+5;-1.925750E+3;1.161650E+5;-1.451388E+3
2.936809E+2;1.136510E+5;-1.845850E+3;1.162303E+5;-1.355298E+3
2.528028E+2;1.137740E+5;-1.780800E+3;1.162912E+5;-1.276599E+3
2.176147E+2;1.138700E+5;-1.720330E+3;1.163486E+5;-1.214317E+3
1.873244E+2;1.139690E+5;-1.686160E+3;1.164033E+5;-1.167680E+3
1.612504E+2;1.140860E+5;-1.659120E+3;1.164560E+5;-1.136109E+3
1.388056E+2;1.141920E+5;-1.656150E+3;1.165074E+5;-1.119214E+3
1.194849E+2;1.142890E+5;-1.657810E+3;1.165583E+5;-1.116789E+3
1.028536E+2;1.143920E+5;-1.673680E+3;1.166094E+5;-1.128811E+3
8.853717E+1;1.145000E+5;-1.710260E+3;1.166612E+5;-1.155442E+3
7.621350E+1;1.145980E+5;-1.768680E+3;1.167146E+5;-1.197029E+3
6.560518E+1;1.147030E+5;-1.832410E+3;1.167701E+5;-1.254110E+3
5.647346E+1;1.147820E+5;-1.925170E+3;1.168286E+5;-1.327425E+3
4.861280E+1;1.150220E+5;-2.230340E+3;1.168909E+5;-1.417921E+3
4.184628E+1;1.150450E+5;-2.128780E+3;1.169576E+5;-1.526764E+3
3.602161E+1;1.151580E+5;-2.279340E+3;1.170297E+5;-1.655361E+3
3.100768E+1;1.152890E+5;-2.455810E+3;1.171081E+5;-1.805370E+3
2.669166E+1;1.154220E+5;-2.652610E+3;1.171939E+5;-1.978728E+3
2.297639E+1;1.155660E+5;-2.880080E+3;1.172881E+5;-2.177671E+3
1.977826E+1;1.157180E+5;-3.132900E+3;1.173920E+5;-2.404766E+3
1.702528E+1;1.158840E+5;-3.422550E+3;1.175070E+5;-2.662943E+3
1.465550E+1;1.160530E+5;-3.760230E+3;1.176344E+5;-2.955535E+3
1.261557E+1;1.162520E+5;-4.133110E+3;1.177760E+5;-3.286316E+3
1.085958E+1;1.164590E+5;-4.563060E+3;1.179337E+5;-3.659553E+3
9.348012E+0;1.166970E+5;-5.053430E+3;1.181094E+5;-4.080062E+3
8.046843E+0;1.169350E+5;-5.594780E+3;1.183054E+5;-4.553266E+3
6.926786E+0;1.172100E+5;-6.226960E+3;1.185244E+5;-5.085268E+3
5.962632E+0;1.175240E+5;-6.911650E+3;1.187690E+5;-5.682927E+3
5.132680E+0;1.178650E+5;-7.696310E+3;1.190426E+5;-6.353948E+3
4.418252E+0;1.182510E+5;-8.601420E+3;1.193487E+5;-7.106978E+3
3.803266E+0;1.186250E+5;-9.560730E+3;1.196912E+5;-7.951718E+3
3.273881E+0;1.192320E+5;-1.064680E+4;1.200747E+5;-8.899049E+3
2.818183E+0;1.196980E+5;-1.191060E+4;1.205041E+5;-9.961164E+3
2.425914E+0;1.203650E+5;-1.325770E+4;1.209850E+5;-1.115173E+4
2.088246E+0;1.208960E+5;-1.488720E+4;1.215238E+5;-1.248606E+4
1.797579E+0;1.216590E+5;-1.669700E+4;1.221275E+5;-1.398131E+4
1.547370E+0;1.226320E+5;-1.875170E+4;1.228041E+5;-1.565668E+4
1.331988E+0;1.237180E+5;-2.055570E+4;1.235623E+5;-1.753367E+4
1.146586E+0;1.248480E+5;-2.327190E+4;1.244123E+5;-1.963637E+4
9.869903E-1;1.258190E+5;-2.563220E+4;1.253652E+5;-2.199171E+4
8.496090E-1;1.277940E+5;-2.870540E+4;1.264337E+5;-2.462984E+4
7.313501E-1;1.287900E+5;-3.223000E+4;1.276320E+5;-2.758449E+4
6.295521E-1;1.306090E+5;-3.519160E+4;1.289759E+5;-3.089338E+4
5.419234E-1;1.331630E+5;-3.932080E+4;1.304836E+5;-3.459870E+4
4.664919E-1;1.351840E+5;-4.413270E+4;1.321751E+5;-3.874762E+4
4.015600E-1;1.370310E+5;-4.903400E+4;1.340733E+5;-4.339284E+4
3.456659E-1;1.393720E+5;-5.391380E+4;1.362040E+5;-4.859325E+4
2.975521E-1;1.424630E+5;-5.912380E+4;1.385960E+5;-5.441460E+4
2.561352E-1;1.463120E+5;-6.513020E+4;1.412822E+5;-6.093035E+4
2.204830E-1;1.505500E+5;-7.255860E+4;1.442996E+5;-6.822244E+4
1.897936E-1;1.549730E+5;-8.090220E+4;1.476900E+5;-7.638220E+4
1.633759E-1;1.596320E+5;-9.014730E+4;1.515008E+5;-8.551150E+4
1.406352E-1;1.644980E+5;-1.006240E+5;1.557857E+5;-9.572385E+4
1.210599E-1;1.696060E+5;-1.120380E+5;1.606057E+5;-1.071456E+5
1.042093E-1;1.750790E+5;-1.245460E+5;1.660301E+5;-1.199170E+5
8.970424E-2;1.812820E+5;-1.383630E+5;1.721377E+5;-1.341942E+5
7.721802E-2;1.881180E+5;-1.535740E+5;1.790182E+5;-1.501506E+5
6.646992E-2;1.955750E+5;-1.703350E+5;1.867740E+5;-1.679778E+5
5.721780E-2;2.041110E+5;-1.888800E+5;1.955221E+5;-1.878885E+5
4.925361E-2;2.140040E+5;-2.101180E+5;2.053962E+5;-2.101169E+5
4.239787E-2;2.250770E+5;-2.332610E+5;2.165499E+5;-2.349224E+5
3.649646E-2;2.373800E+5;-2.594910E+5;2.291591E+5;-2.625891E+5
3.141636E-2;2.513700E+5;-2.886770E+5;2.434265E+5;-2.934300E+5
2.704354E-2;2.668590E+5;-3.213090E+5;2.595840E+5;-3.277847E+5
2.327930E-2;2.843070E+5;-3.585180E+5;2.779013E+5;-3.660267E+5
2.003901E-2;3.047140E+5;-3.993890E+5;2.986877E+5;-4.085587E+5
1.724977E-2;3.270460E+5;-4.462460E+5;3.223010E+5;-4.558147E+5
1.484871E-2;3.536370E+5;-4.973470E+5;3.491561E+5;-5.082624E+5
1.278188E-2;3.838200E+5;-5.546260E+5;3.797308E+5;-5.663945E+5
1.100283E-2;4.173820E+5;-6.209570E+5;4.145771E+5;-6.307283E+5
9.471250E-3;4.550340E+5;-6.936100E+5;4.543405E+5;-7.018137E+5
8.152838E-3;5.007750E+5;-7.721230E+5;4.997578E+5;-7.801981E+5
7.018173E-3;5.512530E+5;-8.592390E+5;5.516679E+5;-8.664112E+5
6.041248E-3;6.126780E+5;-9.554050E+5;6.110693E+5;-9.610201E+5
5.200320E-3;6.813510E+5;-1.066500E+6;6.790698E+5;-1.064500E+6
4.476419E-3;7.505090E+5;-1.179490E+6;7.569457E+5;-1.177280E+6
3.853344E-3;8.467660E+5;-1.305840E+6;8.461205E+5;-1.299660E+6
3.317027E-3;9.479890E+5;-1.436190E+6;9.481992E+5;-1.431806E+6
2.855316E-3;1.061850E+6;-1.581320E+6;1.064969E+6;-1.573697E+6
2.457980E-3;1.195700E+6;-1.746760E+6;1.198304E+6;-1.724957E+6
2.115854E-3;1.352280E+6;-1.932010E+6;1.350322E+6;-1.885011E+6
1.821263E-3;1.503780E+6;-2.051740E+6;1.523165E+6;-2.052786E+6
1.567813E-3;1.729680E+6;-2.248170E+6;1.718787E+6;-2.226556E+6
1.349534E-3;1.934580E+6;-2.432790E+6;1.939378E+6;-2.404340E+6
1.161737E-3;2.193460E+6;-2.570010E+6;2.186437E+6;-2.583187E+6
9.999468E-4;2.437190E+6;-2.710760E+6;2.461613E+6;-2.759945E+6
dev3221_imps_32, freq /Hz, Zr , Zi, Zr calc, Zi calc
5.000000E+6;2.305230E+3;-4.369520E+3;2.827145E+3;-6.208156E+3
4.304039E+6;2.502930E+3;-5.134390E+3;3.205084E+3;-6.918939E+3
3.704951E+6;2.743850E+3;-5.985740E+3;3.636926E+3;-7.704948E+3
3.189251E+6;3.037730E+3;-6.932590E+3;4.130887E+3;-8.572420E+3
2.745333E+6;3.398150E+3;-7.987470E+3;4.696454E+3;-9.527601E+3
2.363204E+6;3.840950E+3;-9.163000E+3;5.344547E+3;-1.057655E+4
2.034265E+6;4.389220E+3;-1.046140E+4;6.087683E+3;-1.172489E+4
1.751111E+6;5.054000E+3;-1.189130E+4;6.940131E+3;-1.297748E+4
1.507370E+6;5.862330E+3;-1.346230E+4;7.918032E+3;-1.433799E+4
1.297556E+6;6.840150E+3;-1.517420E+4;9.039469E+3;-1.580837E+4
1.116947E+6;8.020240E+3;-1.702410E+4;1.032444E+4;-1.738824E+4
9.614765E+5;9.249920E+3;-1.861240E+4;1.179473E+4;-1.907410E+4
8.276465E+5;1.092730E+4;-2.079830E+4;1.347351E+4;-2.085853E+4
7.124447E+5;1.290580E+4;-2.307100E+4;1.538482E+4;-2.272927E+4
6.132780E+5;1.521330E+4;-2.539750E+4;1.755260E+4;-2.466833E+4
5.279145E+5;1.787680E+4;-2.774020E+4;1.999945E+4;-2.665118E+4
4.544330E+5;2.091400E+4;-3.005150E+4;2.274499E+4;-2.864624E+4
3.911795E+5;2.433450E+4;-3.227280E+4;2.580378E+4;-3.061473E+4
3.367304E+5;2.813100E+4;-3.434060E+4;2.918310E+4;-3.251117E+4
2.898602E+5;3.228300E+4;-3.618540E+4;3.288054E+4;-3.428462E+4
2.495140E+5;3.675200E+4;-3.774530E+4;3.688192E+4;-3.588088E+4
2.147836E+5;4.148140E+4;-3.896060E+4;4.115971E+4;-3.724552E+4
1.848874E+5;4.640120E+4;-3.978560E+4;4.567252E+4;-3.832763E+4
1.591525E+5;5.142930E+4;-4.019030E+4;5.036582E+4;-3.908388E+4
1.369998E+5;5.647520E+4;-4.016750E+4;5.517423E+4;-3.948245E+4
1.179305E+5;6.145790E+4;-3.972330E+4;6.002500E+4;-3.950602E+4
1.015155E+5;6.629140E+4;-3.888880E+4;6.484266E+4;-3.915358E+4
8.738533E+4;7.090410E+4;-3.770860E+4;6.955387E+4;-3.844050E+4
7.522198E+4;7.524900E+4;-3.623720E+4;7.409211E+4;-3.739701E+4
6.475168E+4;7.928080E+4;-3.453750E+4;7.840139E+4;-3.606520E+4
5.573875E+4;8.297760E+4;-3.266930E+4;8.243863E+4;-3.449528E+4
4.798036E+4;8.633420E+4;-3.069370E+4;8.617462E+4;-3.274149E+4
4.130187E+4;8.935670E+4;-2.866810E+4;8.959359E+4;-3.085824E+4
3.555298E+4;9.205560E+4;-2.663500E+4;9.269180E+4;-2.889701E+4
3.060428E+4;9.445620E+4;-2.463440E+4;9.547547E+4;-2.690406E+4
2.634441E+4;9.657280E+4;-2.269490E+4;9.795841E+4;-2.491905E+4
2.267748E+4;9.844460E+4;-2.083850E+4;1.001597E+5;-2.297446E+4
1.952095E+4;1.000840E+5;-1.908190E+4;1.021017E+5;-2.109568E+4
1.680379E+4;1.015340E+5;-1.743380E+4;1.038083E+5;-1.930147E+4
1.446483E+4;1.028020E+5;-1.589950E+4;1.053036E+5;-1.760477E+4
1.245144E+4;1.039240E+5;-1.447840E+4;1.066109E+5;-1.601359E+4
1.071830E+4;1.049100E+5;-1.316880E+4;1.077521E+5;-1.453186E+4
9.226397E+3;1.057780E+5;-1.196890E+4;1.087475E+5;-1.316035E+4
7.942156E+3;1.065440E+5;-1.087180E+4;1.096155E+5;-1.189738E+4
6.836670E+3;1.072290E+5;-9.873940E+3;1.103725E+5;-1.073950E+4
5.885060E+3;1.078280E+5;-8.965310E+3;1.110328E+5;-9.682007E+3
5.065906E+3;1.083730E+5;-8.143040E+3;1.116094E+5;-8.719400E+3
4.360772E+3;1.088560E+5;-7.399060E+3;1.121133E+5;-7.845705E+3
3.753787E+3;1.092890E+5;-6.724510E+3;1.125542E+5;-7.054743E+3
3.231289E+3;1.096750E+5;-6.118660E+3;1.129404E+5;-6.340327E+3
2.781519E+3;1.100300E+5;-5.571510E+3;1.132793E+5;-5.696403E+3
2.394354E+3;1.103500E+5;-5.077070E+3;1.135771E+5;-5.117149E+3
2.061079E+3;1.106410E+5;-4.636720E+3;1.138392E+5;-4.597045E+3
1.774193E+3;1.109040E+5;-4.238280E+3;1.140704E+5;-4.130913E+3
1.527239E+3;1.111530E+5;-3.882690E+3;1.142746E+5;-3.713940E+3
1.314660E+3;1.113740E+5;-3.562630E+3;1.144554E+5;-3.341684E+3
1.131669E+3;1.115800E+5;-3.277670E+3;1.146159E+5;-3.010079E+3
9.741499E+2;1.117740E+5;-3.022820E+3;1.147586E+5;-2.715418E+3
8.385559E+2;1.119530E+5;-2.794700E+3;1.148860E+5;-2.454347E+3
7.218355E+2;1.121170E+5;-2.595120E+3;1.150000E+5;-2.223845E+3
6.213617E+2;1.122640E+5;-2.419970E+3;1.151025E+5;-2.021209E+3
5.348731E+2;1.124070E+5;-2.260810E+3;1.151949E+5;-1.844032E+3
4.604230E+2;1.125460E+5;-2.125100E+3;1.152788E+5;-1.690189E+3
3.963357E+2;1.126750E+5;-2.009480E+3;1.153553E+5;-1.557821E+3
3.411689E+2;1.127970E+5;-1.915820E+3;1.154256E+5;-1.445313E+3
2.936809E+2;1.129150E+5;-1.828490E+3;1.154907E+5;-1.351286E+3
2.528028E+2;1.130440E+5;-1.776160E+3;1.155516E+5;-1.274580E+3
2.176147E+2;1.131360E+5;-1.708830E+3;1.156090E+5;-1.214248E+3
1.873244E+2;1.132400E+5;-1.671490E+3;1.156638E+5;-1.169539E+3
1.612504E+2;1.133570E+5;-1.656910E+3;1.157167E+5;-1.139898E+3
1.388056E+2;1.134610E+5;-1.646570E+3;1.157684E+5;-1.124959E+3
1.194849E+2;1.135540E+5;-1.653700E+3;1.158198E+5;-1.124537E+3
1.028536E+2;1.136550E+5;-1.666770E+3;1.158713E+5;-1.138635E+3
8.853717E+1;1.137550E+5;-1.705210E+3;1.159238E+5;-1.167436E+3
7.621350E+1;1.138610E+5;-1.759670E+3;1.159779E+5;-1.211313E+3
6.560518E+1;1.139530E+5;-1.827140E+3;1.160344E+5;-1.270833E+3
5.647346E+1;1.140670E+5;-1.876810E+3;1.160939E+5;-1.346759E+3
4.861280E+1;1.139560E+5;-2.078760E+3;1.161573E+5;-1.440068E+3
4.184628E+1;1.143070E+5;-2.144170E+3;1.162253E+5;-1.551960E+3
3.602161E+1;1.144200E+5;-2.277140E+3;1.162989E+5;-1.683873E+3
3.100768E+1;1.145370E+5;-2.443530E+3;1.163790E+5;-1.837502E+3
2.669166E+1;1.146820E+5;-2.643340E+3;1.164666E+5;-2.014823E+3
2.297639E+1;1.148300E+5;-2.866010E+3;1.165629E+5;-2.218115E+3
1.977826E+1;1.149710E+5;-3.120310E+3;1.166692E+5;-2.449992E+3
1.702528E+1;1.151360E+5;-3.408760E+3;1.167868E+5;-2.713436E+3
1.465550E+1;1.153170E+5;-3.742380E+3;1.169172E+5;-3.011834E+3
1.261557E+1;1.154810E+5;-4.113760E+3;1.170621E+5;-3.349023E+3
1.085958E+1;1.157070E+5;-4.534840E+3;1.172234E+5;-3.729339E+3
9.348012E+0;1.159630E+5;-5.022680E+3;1.174031E+5;-4.157671E+3
8.046843E+0;1.161830E+5;-5.578240E+3;1.176037E+5;-4.639524E+3
6.926786E+0;1.164720E+5;-6.183810E+3;1.178277E+5;-5.181092E+3
5.962632E+0;1.167970E+5;-6.845100E+3;1.180779E+5;-5.789335E+3
5.132680E+0;1.170670E+5;-7.657700E+3;1.183577E+5;-6.472066E+3
4.418252E+0;1.174570E+5;-8.537410E+3;1.186707E+5;-7.238055E+3
3.803266E+0;1.179700E+5;-9.589420E+3;1.190210E+5;-8.097135E+3
3.273881E+0;1.183420E+5;-1.064020E+4;1.194130E+5;-9.060336E+3
2.818183E+0;1.189540E+5;-1.186850E+4;1.198519E+5;-1.014001E+4
2.425914E+0;1.196130E+5;-1.319660E+4;1.203435E+5;-1.135001E+4
2.088246E+0;1.201150E+5;-1.482720E+4;1.208940E+5;-1.270584E+4
1.797579E+0;1.209180E+5;-1.663370E+4;1.215108E+5;-1.422487E+4
1.547370E+0;1.221170E+5;-1.846100E+4;1.222019E+5;-1.592655E+4
1.331988E+0;1.227530E+5;-2.064260E+4;1.229763E+5;-1.783264E+4
1.146586E+0;1.241800E+5;-2.270370E+4;1.238442E+5;-1.996752E+4
9.869903E-1;1.252340E+5;-2.580120E+4;1.248170E+5;-2.235842E+4
8.496090E-1;1.265590E+5;-2.818100E+4;1.259077E+5;-2.503586E+4
7.313501E-1;1.286110E+5;-3.178860E+4;1.271305E+5;-2.803396E+4
6.295521E-1;1.297480E+5;-3.562670E+4;1.285018E+5;-3.139084E+4
5.419234E-1;1.316290E+5;-3.880920E+4;1.300399E+5;-3.514917E+4
4.664919E-1;1.344220E+5;-4.288100E+4;1.317652E+5;-3.935662E+4
4.015600E-1;1.372590E+5;-4.819450E+4;1.337010E+5;-4.406643E+4
3.456659E-1;1.396510E+5;-5.410460E+4;1.358733E+5;-4.933812E+4
2.975521E-1;1.419790E+5;-6.013150E+4;1.383117E+5;-5.523809E+4
2.561352E-1;1.446360E+5;-6.630820E+4;1.410495E+5;-6.184052E+4
2.204830E-1;1.481110E+5;-7.301530E+4;1.441241E+5;-6.922814E+4
1.897936E-1;1.521770E+5;-8.030990E+4;1.475782E+5;-7.749314E+4
1.633759E-1;1.569800E+5;-8.864270E+4;1.514599E+5;-8.673830E+4
1.406352E-1;1.622080E+5;-9.826380E+4;1.558236E+5;-9.707814E+4
1.210599E-1;1.682290E+5;-1.090490E+5;1.607313E+5;-1.086401E+5
1.042093E-1;1.745860E+5;-1.211330E+5;1.662532E+5;-1.215656E+5
8.970424E-2;1.816090E+5;-1.350050E+5;1.724692E+5;-1.360120E+5
7.721802E-2;1.893120E+5;-1.502850E+5;1.794705E+5;-1.521542E+5
6.646992E-2;1.978110E+5;-1.675490E+5;1.873606E+5;-1.701850E+5
5.721780E-2;2.069360E+5;-1.867230E+5;1.962584E+5;-1.903187E+5
4.925361E-2;2.171980E+5;-2.083650E+5;2.062991E+5;-2.127911E+5
4.239787E-2;2.284630E+5;-2.322350E+5;2.176385E+5;-2.378634E+5
3.649646E-2;2.409720E+5;-2.589040E+5;2.304545E+5;-2.658212E+5
3.141636E-2;2.550880E+5;-2.894910E+5;2.449524E+5;-2.969795E+5
2.704354E-2;2.708690E+5;-3.231460E+5;2.613668E+5;-3.316795E+5
2.327930E-2;2.887460E+5;-3.607960E+5;2.799704E+5;-3.702966E+5
2.003901E-2;3.086090E+5;-4.027560E+5;3.010760E+5;-4.132352E+5
1.724977E-2;3.316630E+5;-4.502480E+5;3.250451E+5;-4.609309E+5
1.484871E-2;3.567140E+5;-5.029920E+5;3.522969E+5;-5.138530E+5
1.278188E-2;3.870240E+5;-5.617050E+5;3.833135E+5;-5.724952E+5
1.100283E-2;4.205140E+5;-6.274260E+5;4.186521E+5;-6.373759E+5
9.471250E-3;4.603860E+5;-7.016640E+5;4.589635E+5;-7.090454E+5
8.152838E-3;5.032090E+5;-7.809790E+5;5.049905E+5;-7.880510E+5
7.018173E-3;5.548530E+5;-8.697240E+5;5.575779E+5;-8.749214E+5
6.041248E-3;6.145980E+5;-9.668760E+5;6.177306E+5;-9.702220E+5
5.200320E-3;6.806190E+5;-1.074850E+6;6.865632E+5;-1.074425E+6
4.476419E-3;7.592110E+5;-1.192580E+6;7.653583E+5;-1.187956E+6
3.853344E-3;8.512740E+5;-1.323190E+6;8.555455E+5;-1.311109E+6
3.317027E-3;9.629440E+5;-1.455740E+6;9.587352E+5;-1.444043E+6
2.855316E-3;1.074280E+6;-1.601880E+6;1.076719E+6;-1.586728E+6
2.457980E-3;1.216910E+6;-1.757580E+6;1.211374E+6;-1.738779E+6
2.115854E-3;1.358980E+6;-1.926300E+6;1.364820E+6;-1.899609E+6
1.821263E-3;1.533080E+6;-2.080880E+6;1.539196E+6;-2.068134E+6
1.567813E-3;1.756490E+6;-2.265320E+6;1.736451E+6;-2.242614E+6
1.349534E-3;1.963990E+6;-2.438880E+6;1.958769E+6;-2.421058E+6
1.161737E-3;2.197780E+6;-2.564250E+6;2.207637E+6;-2.600504E+6
9.999468E-4;2.457720E+6;-2.753500E+6;2.484692E+6;-2.777793E+6
dev3221_imps_31, freq /Hz, Zr , Zi, Zr calc, Zi calc
5.000000E+6;2.310300E+3;-4.359590E+3;2.943729E+3;-6.267641E+3
4.304039E+6;2.508910E+3;-5.122640E+3;3.332473E+3;-6.976442E+3
3.704951E+6;2.751350E+3;-5.971670E+3;3.775853E+3;-7.759028E+3
3.189251E+6;3.046800E+3;-6.915170E+3;4.282042E+3;-8.621321E+3
2.745333E+6;3.408950E+3;-7.966090E+3;4.860444E+3;-9.569198E+3
2.363204E+6;3.853630E+3;-9.136880E+3;5.521846E+3;-1.060831E+4
2.034265E+6;4.404740E+3;-1.042970E+4;6.278562E+3;-1.174381E+4
1.751111E+6;5.072780E+3;-1.185180E+4;7.144569E+3;-1.298006E+4
1.507370E+6;5.885020E+3;-1.341260E+4;8.135607E+3;-1.432018E+4
1.297556E+6;6.866730E+3;-1.511220E+4;9.269222E+3;-1.576558E+4
1.116947E+6;8.050440E+3;-1.694690E+4;1.056472E+4;-1.731532E+4
9.614765E+5;9.283350E+3;-1.851970E+4;1.204300E+4;-1.896541E+4
8.276465E+5;1.096400E+4;-2.068360E+4;1.372615E+4;-2.070804E+4
7.124447E+5;1.294340E+4;-2.292850E+4;1.563693E+4;-2.253072E+4
6.132780E+5;1.525070E+4;-2.522380E+4;1.779778E+4;-2.441549E+4
5.279145E+5;1.790960E+4;-2.752870E+4;2.022968E+4;-2.633822E+4
4.544330E+5;2.093790E+4;-2.979700E+4;2.295051E+4;-2.826815E+4
3.911795E+5;2.434440E+4;-3.197080E+4;2.597320E+4;-3.016784E+4
3.367304E+5;2.811840E+4;-3.398470E+4;2.930356E+4;-3.199375E+4
2.898602E+5;3.223900E+4;-3.577320E+4;3.293817E+4;-3.369741E+4
2.495140E+5;3.666600E+4;-3.727450E+4;3.686245E+4;-3.522758E+4
2.147836E+5;4.134280E+4;-3.842940E+4;4.104933E+4;-3.653307E+4
1.848874E+5;4.619830E+4;-3.919830E+4;4.545880E+4;-3.756621E+4
1.591525E+5;5.114920E+4;-3.955070E+4;5.003877E+4;-3.828664E+4
1.369998E+5;5.611170E+4;-3.948190E+4;5.472710E+4;-3.866478E+4
1.179305E+5;6.100120E+4;-3.900350E+4;5.945494E+4;-3.868463E+4
1.015155E+5;6.573630E+4;-3.814540E+4;6.415097E+4;-3.834537E+4
8.738533E+4;7.024870E+4;-3.695070E+4;6.874585E+4;-3.766141E+4
7.522198E+4;7.448960E+4;-3.547490E+4;7.317655E+4;-3.666098E+4
6.475168E+4;7.841760E+4;-3.377990E+4;7.738974E+4;-3.538345E+4
5.573875E+4;8.202080E+4;-3.192980E+4;8.134409E+4;-3.387590E+4
4.798036E+4;8.528520E+4;-2.997990E+4;8.501110E+4;-3.218932E+4
4.130187E+4;8.822280E+4;-2.798400E+4;8.837492E+4;-3.037512E+4
3.555298E+4;9.084350E+4;-2.598610E+4;9.143099E+4;-2.848216E+4
3.060428E+4;9.317370E+4;-2.402350E+4;9.418425E+4;-2.655463E+4
2.634441E+4;9.522810E+4;-2.212370E+4;9.664694E+4;-2.463068E+4
2.267748E+4;9.704290E+4;-2.030920E+4;9.883653E+4;-2.274179E+4
1.952095E+4;9.863440E+4;-1.859210E+4;1.007737E+5;-2.091283E+4
1.680379E+4;1.000400E+5;-1.698280E+4;1.024809E+5;-1.916240E+4
1.446483E+4;1.012720E+5;-1.548700E+4;1.039809E+5;-1.750357E+4
1.245144E+4;1.023590E+5;-1.409950E+4;1.052958E+5;-1.594464E+4
1.071830E+4;1.033180E+5;-1.282600E+4;1.064468E+5;-1.448999E+4
9.226397E+3;1.041600E+5;-1.165710E+4;1.074532E+5;-1.314089E+4
7.942156E+3;1.049090E+5;-1.058710E+4;1.083330E+5;-1.189618E+4
6.836670E+3;1.055720E+5;-9.617020E+3;1.091019E+5;-1.075292E+4
5.885060E+3;1.061600E+5;-8.733470E+3;1.097743E+5;-9.706922E+3
5.065906E+3;1.066820E+5;-7.932500E+3;1.103625E+5;-8.753127E+3
4.360772E+3;1.071500E+5;-7.206550E+3;1.108777E+5;-7.885979E+3
3.753787E+3;1.075760E+5;-6.553990E+3;1.113292E+5;-7.099666E+3
3.231289E+3;1.079520E+5;-5.962530E+3;1.117256E+5;-6.388324E+3
2.781519E+3;1.082970E+5;-5.430490E+3;1.120739E+5;-5.746177E+3
2.394354E+3;1.086090E+5;-4.950330E+3;1.123804E+5;-5.167647E+3
2.061079E+3;1.088950E+5;-4.521870E+3;1.126506E+5;-4.647417E+3
1.774193E+3;1.091540E+5;-4.132810E+3;1.128892E+5;-4.180483E+3
1.527239E+3;1.093960E+5;-3.785700E+3;1.131003E+5;-3.762175E+3
1.314660E+3;1.096150E+5;-3.478050E+3;1.132874E+5;-3.388175E+3
1.131669E+3;1.098190E+5;-3.200870E+3;1.134535E+5;-3.054514E+3
9.741499E+2;1.100010E+5;-2.953330E+3;1.136015E+5;-2.757569E+3
8.385559E+2;1.101750E+5;-2.731750E+3;1.137336E+5;-2.494051E+3
7.218355E+2;1.103390E+5;-2.536450E+3;1.138519E+5;-2.260991E+3
6.213617E+2;1.104820E+5;-2.366230E+3;1.139582E+5;-2.055729E+3
5.348731E+2;1.106210E+5;-2.217540E+3;1.140541E+5;-1.875890E+3
4.604230E+2;1.107540E+5;-2.085230E+3;1.141411E+5;-1.719373E+3
3.963357E+2;1.108870E+5;-1.972070E+3;1.142204E+5;-1.584335E+3
3.411689E+2;1.110010E+5;-1.881850E+3;1.142932E+5;-1.469175E+3
2.936809E+2;1.111180E+5;-1.798490E+3;1.143605E+5;-1.372520E+3
2.528028E+2;1.112250E+5;-1.750480E+3;1.144232E+5;-1.293213E+3
2.176147E+2;1.113380E+5;-1.682540E+3;1.144823E+5;-1.230304E+3
1.873244E+2;1.114410E+5;-1.646860E+3;1.145385E+5;-1.183042E+3
1.612504E+2;1.115480E+5;-1.623930E+3;1.145926E+5;-1.150866E+3
1.388056E+2;1.116470E+5;-1.612210E+3;1.146454E+5;-1.133398E+3
1.194849E+2;1.117530E+5;-1.625810E+3;1.146974E+5;-1.130447E+3
1.028536E+2;1.118490E+5;-1.651180E+3;1.147496E+5;-1.142001E+3
8.853717E+1;1.119510E+5;-1.680320E+3;1.148024E+5;-1.168233E+3
7.621350E+1;1.120560E+5;-1.734510E+3;1.148567E+5;-1.209499E+3
6.560518E+1;1.121570E+5;-1.810580E+3;1.149131E+5;-1.266349E+3
5.647346E+1;1.122730E+5;-1.866710E+3;1.149724E+5;-1.339532E+3
4.861280E+1;1.121820E+5;-1.860100E+3;1.150353E+5;-1.430005E+3
4.184628E+1;1.124880E+5;-2.128570E+3;1.151027E+5;-1.538947E+3
3.602161E+1;1.126040E+5;-2.262250E+3;1.151755E+5;-1.667775E+3
3.100768E+1;1.127360E+5;-2.423930E+3;1.152545E+5;-1.818162E+3
2.669166E+1;1.128700E+5;-2.622910E+3;1.153409E+5;-1.992060E+3
2.297639E+1;1.130030E+5;-2.838280E+3;1.154357E+5;-2.191723E+3
1.977826E+1;1.131660E+5;-3.098010E+3;1.155401E+5;-2.419738E+3
1.702528E+1;1.133250E+5;-3.391110E+3;1.156556E+5;-2.679057E+3
1.465550E+1;1.134960E+5;-3.715680E+3;1.157837E+5;-2.973038E+3
1.261557E+1;1.136910E+5;-4.108930E+3;1.159259E+5;-3.305485E+3
1.085958E+1;1.138870E+5;-4.514920E+3;1.160842E+5;-3.680699E+3
9.348012E+0;1.141140E+5;-5.002660E+3;1.162605E+5;-4.103534E+3
8.046843E+0;1.143670E+5;-5.541200E+3;1.164573E+5;-4.579457E+3
6.926786E+0;1.146260E+5;-6.168770E+3;1.166770E+5;-5.114621E+3
5.962632E+0;1.149530E+5;-6.857780E+3;1.169225E+5;-5.715942E+3
5.132680E+0;1.152940E+5;-7.623700E+3;1.171971E+5;-6.391189E+3
4.418252E+0;1.156480E+5;-8.561050E+3;1.175042E+5;-7.149084E+3
3.803266E+0;1.160440E+5;-9.517170E+3;1.178480E+5;-7.999411E+3
3.273881E+0;1.165430E+5;-1.064980E+4;1.182329E+5;-8.953146E+3
2.818183E+0;1.170050E+5;-1.191930E+4;1.186639E+5;-1.002259E+4
2.425914E+0;1.176870E+5;-1.331190E+4;1.191467E+5;-1.122154E+4
2.088246E+0;1.184490E+5;-1.494690E+4;1.196876E+5;-1.256544E+4
1.797579E+0;1.191870E+5;-1.651670E+4;1.202938E+5;-1.407159E+4
1.547370E+0;1.199530E+5;-1.829060E+4;1.209732E+5;-1.575940E+4
1.331988E+0;1.212780E+5;-2.064050E+4;1.217347E+5;-1.765055E+4
1.146586E+0;1.219570E+5;-2.302960E+4;1.225885E+5;-1.976936E+4
9.869903E-1;1.234580E+5;-2.544840E+4;1.235458E+5;-2.214302E+4
8.496090E-1;1.247360E+5;-2.874200E+4;1.246193E+5;-2.480198E+4
7.313501E-1;1.261020E+5;-3.145540E+4;1.258235E+5;-2.778028E+4
6.295521E-1;1.284810E+5;-3.513370E+4;1.271742E+5;-3.111602E+4
5.419234E-1;1.301400E+5;-3.967770E+4;1.286897E+5;-3.485180E+4
4.664919E-1;1.316500E+5;-4.368110E+4;1.303904E+5;-3.903525E+4
4.015600E-1;1.340630E+5;-4.783190E+4;1.322993E+5;-4.371961E+4
3.456659E-1;1.372140E+5;-5.284480E+4;1.344423E+5;-4.896434E+4
2.975521E-1;1.408170E+5;-5.887010E+4;1.368486E+5;-5.483586E+4
2.561352E-1;1.444260E+5;-6.566940E+4;1.395515E+5;-6.140834E+4
2.204830E-1;1.478610E+5;-7.343470E+4;1.425883E+5;-6.876456E+4
1.897936E-1;1.514040E+5;-8.183070E+4;1.460012E+5;-7.699675E+4
1.633759E-1;1.551450E+5;-9.068510E+4;1.498384E+5;-8.620777E+4
1.406352E-1;1.593470E+5;-1.003030E+5;1.541540E+5;-9.651225E+4
1.210599E-1;1.642110E+5;-1.106380E+5;1.590100E+5;-1.080377E+5
1.042093E-1;1.697770E+5;-1.221730E+5;1.644764E+5;-1.209258E+5
8.970424E-2;1.762650E+5;-1.352100E+5;1.706332E+5;-1.353342E+5
7.721802E-2;1.834640E+5;-1.497460E+5;1.775715E+5;-1.514378E+5
6.646992E-2;1.915690E+5;-1.660630E+5;1.853951E+5;-1.694298E+5
5.721780E-2;2.007130E+5;-1.842720E+5;1.942230E+5;-1.895248E+5
4.925361E-2;2.111940E+5;-2.050400E+5;2.041911E+5;-2.119589E+5
4.239787E-2;2.229550E+5;-2.282260E+5;2.154557E+5;-2.369934E+5
3.649646E-2;2.357910E+5;-2.543170E+5;2.281958E+5;-2.649143E+5
3.141636E-2;2.504350E+5;-2.838190E+5;2.426181E+5;-2.960366E+5
2.704354E-2;2.669980E+5;-3.166540E+5;2.589591E+5;-3.307014E+5
2.327930E-2;2.848130E+5;-3.537910E+5;2.774938E+5;-3.692840E+5
2.003901E-2;3.066890E+5;-3.953350E+5;2.985382E+5;-4.121878E+5
1.724977E-2;3.296660E+5;-4.420310E+5;3.224578E+5;-4.598472E+5
1.484871E-2;3.548830E+5;-4.946410E+5;3.496767E+5;-5.127292E+5
1.278188E-2;3.872070E+5;-5.531180E+5;3.806834E+5;-5.713244E+5
1.100283E-2;4.205430E+5;-6.178760E+5;4.160426E+5;-6.361461E+5
9.471250E-3;4.585940E+5;-6.902390E+5;4.564144E+5;-7.077376E+5
8.152838E-3;5.046230E+5;-7.699600E+5;5.025522E+5;-7.866361E+5
7.018173E-3;5.574290E+5;-8.575900E+5;5.553135E+5;-8.733566E+5
6.041248E-3;6.158230E+5;-9.563290E+5;6.157178E+5;-9.684461E+5
5.200320E-3;6.825470E+5;-1.063970E+6;6.848951E+5;-1.072352E+6
4.476419E-3;7.624520E+5;-1.178280E+6;7.641444E+5;-1.185466E+6
3.853344E-3;8.506920E+5;-1.304760E+6;8.549114E+5;-1.308040E+6
3.317027E-3;9.625150E+5;-1.442820E+6;9.588202E+5;-1.440180E+6
2.855316E-3;1.078450E+6;-1.586500E+6;1.077672E+6;-1.581786E+6
2.457980E-3;1.224990E+6;-1.729440E+6;1.213343E+6;-1.732392E+6
2.115854E-3;1.370580E+6;-1.912600E+6;1.367939E+6;-1.891309E+6
1.821263E-3;1.542830E+6;-2.061190E+6;1.543568E+6;-2.057337E+6
1.567813E-3;1.775370E+6;-2.237270E+6;1.742115E+6;-2.228609E+6
1.349534E-3;1.957250E+6;-2.433580E+6;1.965667E+6;-2.402995E+6
1.161737E-3;2.223310E+6;-2.580070E+6;2.215568E+6;-2.577400E+6
9.999468E-4;2.477930E+6;-2.724290E+6;2.493262E+6;-2.748538E+6
