Sample name : test hp4192a
Voltage : 0.100000
samedi 27 avril 2024, 15:43:52
Cycle number :   1
freq  ; Re Z ; Im Z
1.300000E+7	4.763355E+1	-5.671525E+0
1.258925E+7	4.769609E+1	-5.653646E+0
1.122019E+7	4.799686E+1	-5.578895E+0
1.000000E+7	4.837282E+1	-5.460080E+0
8.912509E+6	4.879754E+1	-5.258027E+0
7.943282E+6	4.922232E+1	-5.043222E+0
7.079457E+6	4.962962E+1	-4.787531E+0
6.309573E+6	5.001648E+1	-4.516651E+0
5.623413E+6	5.037198E+1	-4.238707E+0
5.011872E+6	5.069671E+1	-3.945405E+0
4.466835E+6	5.097920E+1	-3.654234E+0
3.981071E+6	5.125003E+1	-3.359105E+0
3.548133E+6	5.147816E+1	-3.076399E+0
3.162277E+6	5.167476E+1	-2.789560E+0
2.818382E+6	5.182849E+1	-2.525769E+0
2.511886E+6	5.195051E+1	-2.268208E+0
2.238721E+6	5.205055E+1	-2.026875E+0
1.995262E+6	5.211823E+1	-1.820009E+0
1.778279E+6	5.217509E+1	-1.612323E+0
1.584893E+6	5.222014E+1	-1.440398E+0
1.412537E+6	5.226394E+1	-1.295558E+0
1.258925E+6	5.229695E+1	-1.168519E+0
1.122018E+6	5.233964E+1	-1.041526E+0
1.000000E+6	5.235170E+1	-9.320822E-1
8.912509E+5	5.240324E+1	-8.415127E-1
7.943282E+5	5.242476E+1	-7.411870E-1
7.079457E+5	5.244586E+1	-6.590888E-1
6.309573E+5	5.246673E+1	-5.860833E-1
5.623413E+5	5.248749E+1	-5.130209E-1
5.011872E+5	5.249816E+1	-4.398178E-1
4.466835E+5	5.250866E+1	-3.757505E-1
3.981071E+5	5.250908E+1	-3.115988E-1
3.548133E+5	5.252942E+1	-2.475409E-1
3.162277E+5	5.252965E+1	-1.925321E-1
2.818382E+5	5.252980E+1	-1.466912E-1
2.511886E+5	5.252992E+1	-9.168210E-2
2.238721E+5	5.252999E+1	-3.667286E-2
1.995262E+5	5.251999E+1	2.749941E-2
1.778279E+5	5.249990E+1	1.007927E-1
1.584893E+5	5.242971E+1	1.738641E-1
1.412537E+5	5.242971E+1	1.738641E-1
1.258925E+5	5.234933E+1	2.649660E-1
1.122018E+5	5.220958E+1	2.095838E-1
1.000000E+5	5.218990E+1	1.001975E-1
8.912509E+4	5.221999E+1	3.645643E-2
7.943282E+4	5.223999E+1	2.735280E-2
7.079457E+4	5.225999E+1	2.736327E-2
6.309573E+4	5.226000E+1	9.121091E-3
5.623413E+4	5.227000E+1	-0.000000E+0
5.011872E+4	5.228000E+1	-9.124581E-3
4.466835E+4	5.228000E+1	-9.124581E-3
3.981071E+4	5.228000E+1	-1.824916E-2
3.548133E+4	5.229999E+1	-2.738421E-2
3.162277E+4	5.230999E+1	-2.738945E-2
2.818382E+4	5.231999E+1	-3.652625E-2
2.511886E+4	5.233999E+1	-3.654021E-2
2.238721E+4	5.234999E+1	-3.654719E-2
1.995262E+4	5.235999E+1	-2.741563E-2
1.778279E+4	5.236999E+1	-2.742087E-2
1.584893E+4	5.236999E+1	-2.742087E-2
1.412537E+4	5.237999E+1	-2.742610E-2
1.258925E+4	5.238000E+1	-1.828407E-2
1.122018E+4	5.239000E+1	-1.828756E-2
1.000000E+4	5.239000E+1	-1.828756E-2
8.912509E+3	5.240000E+1	-1.829105E-2
7.943282E+3	5.240000E+1	-1.829105E-2
7.079457E+3	5.241000E+1	-1.829454E-2
6.309573E+3	5.241000E+1	-1.829454E-2
5.623413E+3	5.242000E+1	-1.829803E-2
5.011872E+3	5.242000E+1	-1.829803E-2
4.466835E+3	5.243000E+1	-1.830152E-2
3.981071E+3	5.243000E+1	-1.830152E-2
3.548133E+3	5.243000E+1	-1.830152E-2
3.162277E+3	5.244000E+1	-1.830501E-2
2.818382E+3	5.244000E+1	-9.152507E-3
2.511886E+3	5.244000E+1	-9.152507E-3
2.238721E+3	5.245000E+1	-9.154252E-3
1.995262E+3	5.246000E+1	-0.000000E+0
1.778279E+3	5.246000E+1	-0.000000E+0
1.584893E+3	5.247000E+1	0.000000E+0
1.412537E+3	5.246000E+1	-9.155997E-3
1.258925E+3	5.246000E+1	0.000000E+0
1.122018E+3	5.246000E+1	0.000000E+0
1.000000E+3	5.247000E+1	9.157743E-3
8.912500E+2	5.248000E+1	9.159488E-3
7.943280E+2	5.249000E+1	1.832247E-2
7.079450E+2	5.248999E+1	2.748370E-2
6.309570E+2	5.248999E+1	2.748370E-2
5.623410E+2	5.249999E+1	3.665191E-2
5.011870E+2	5.249998E+1	4.581489E-2
4.466830E+2	5.247999E+1	2.747846E-2
3.981070E+2	5.247999E+1	3.663795E-2
3.548130E+2	5.247999E+1	3.663795E-2
3.162270E+2	5.246998E+1	4.578871E-2
2.818380E+2	5.245997E+1	5.493597E-2
2.511880E+2	5.244996E+1	6.407975E-2
2.238720E+2	5.244995E+1	7.323399E-2
1.995260E+2	5.243994E+1	8.237253E-2
1.778270E+2	5.241990E+1	1.006391E-1
1.584890E+2	5.238997E+1	5.486267E-2
1.412530E+2	5.236997E+1	5.484173E-2
1.258920E+2	5.234996E+1	6.395757E-2
1.122010E+2	5.233996E+1	6.394536E-2
1.000000E+2	5.230995E+1	7.303851E-2
8.912500E+1	5.228995E+1	7.301059E-2
7.943200E+1	5.224994E+1	8.207407E-2
7.079400E+1	5.222994E+1	8.204266E-2
6.309500E+1	5.218994E+1	8.197983E-2
5.623400E+1	5.215992E+1	9.103633E-2
5.011800E+1	5.211992E+1	9.096651E-2
4.466800E+1	5.207992E+1	9.089670E-2
3.981000E+1	5.203995E+1	7.266152E-2
3.548100E+1	5.200996E+1	6.354219E-2
3.162200E+1	5.197997E+1	5.443332E-2
2.818300E+1	5.193998E+1	4.532619E-2
2.511800E+1	5.189999E+1	3.623303E-2
2.238700E+1	5.186000E+1	1.810255E-2
1.995200E+1	5.182000E+1	9.044296E-3
1.778200E+1	5.178000E+1	9.037315E-3
1.584800E+1	5.172000E+1	-9.026843E-3
1.412500E+1	5.165000E+1	-9.014626E-3
1.258900E+1	5.158000E+1	-1.800482E-2
1.122000E+1	5.148999E+1	-2.696010E-2
1.000000E+1	5.138999E+1	-3.587699E-2
8.912000E+0	5.129996E+1	-6.267476E-2
7.943000E+0	5.116994E+1	-8.037761E-2
7.079000E+0	5.099983E+1	-1.335175E-1
6.309000E+0	5.081972E+1	-1.685252E-1
5.623000E+0	5.060948E+1	-2.296601E-1
5.011000E+0	5.036901E+1	-3.164820E-1
5.000000E+0	5.018944E+1	-2.365139E-1
5.000000E+0	5.010963E+1	-1.924081E-1
5.000000E+0	5.005970E+1	-1.747420E-1
5.000000E+0	5.004978E+1	-1.485011E-1
5.000000E+0	5.004978E+1	-1.485011E-1
5.000000E+0	5.002983E+1	-1.309781E-1
5.000000E+0	5.002983E+1	-1.309781E-1
5.000000E+0	5.001983E+1	-1.309519E-1
5.000000E+0	5.001983E+1	-1.309519E-1
5.000000E+0	5.000983E+1	-1.309257E-1
5.000000E+0	4.998983E+1	-1.308734E-1
5.000000E+0	4.998983E+1	-1.308734E-1
5.000000E+0	4.998985E+1	-1.221485E-1
5.000000E+0	4.998983E+1	-1.308734E-1
5.000000E+0	4.998983E+1	-1.308734E-1
5.000000E+0	4.997983E+1	-1.308472E-1
5.000000E+0	4.998981E+1	-1.395982E-1
5.000000E+0	4.998985E+1	-1.221485E-1
5.000000E+0	4.998985E+1	-1.221485E-1
5.000000E+0	4.998985E+1	-1.221485E-1
5.000000E+0	4.998983E+1	-1.308734E-1
5.000000E+0	4.997985E+1	-1.221241E-1
5.000000E+0	4.996983E+1	-1.308210E-1
5.000000E+0	4.996985E+1	-1.220996E-1
5.000000E+0	4.995981E+1	-1.395145E-1
5.000000E+0	4.995983E+1	-1.307948E-1
5.000000E+0	4.994981E+1	-1.394865E-1
5.000000E+0	4.995983E+1	-1.307948E-1
5.000000E+0	4.994983E+1	-1.307686E-1
5.000000E+0	4.995981E+1	-1.395145E-1
5.000000E+0	4.995981E+1	-1.395145E-1
5.000000E+0	4.993981E+1	-1.394586E-1
5.000000E+0	4.994985E+1	-1.220508E-1
5.000000E+0	4.993985E+1	-1.220263E-1
5.000000E+0	4.993983E+1	-1.307425E-1
5.000000E+0	4.992981E+1	-1.394307E-1
5.000000E+0	4.993983E+1	-1.307425E-1
5.000000E+0	4.991983E+1	-1.306901E-1
5.000000E+0	4.992985E+1	-1.220019E-1
5.000000E+0	4.991985E+1	-1.219774E-1
5.000000E+0	4.991985E+1	-1.219774E-1
5.000000E+0	4.991985E+1	-1.219774E-1
5.000000E+0	4.992985E+1	-1.220019E-1
5.000000E+0	4.990987E+1	-1.132421E-1
5.000000E+0	4.991987E+1	-1.132648E-1
5.000000E+0	4.990985E+1	-1.219530E-1
5.000000E+0	4.990985E+1	-1.219530E-1
5.000000E+0	4.990985E+1	-1.219530E-1
5.000000E+0	4.989981E+1	-1.393469E-1
5.000000E+0	4.989983E+1	-1.306377E-1
5.000000E+0	4.989985E+1	-1.219286E-1
5.000000E+0	4.989981E+1	-1.393469E-1
5.000000E+0	4.989983E+1	-1.306377E-1
5.000000E+0	4.989983E+1	-1.306377E-1
5.000000E+0	4.989983E+1	-1.306377E-1
5.000000E+0	4.989985E+1	-1.219286E-1
5.000000E+0	4.989985E+1	-1.219286E-1
5.000000E+0	4.989985E+1	-1.219286E-1
5.000000E+0	4.988985E+1	-1.219041E-1
5.000000E+0	4.988983E+1	-1.306116E-1
5.000000E+0	4.988985E+1	-1.219041E-1
5.000000E+0	4.988985E+1	-1.219041E-1
5.000000E+0	4.987987E+1	-1.131740E-1
5.000000E+0	4.988985E+1	-1.219041E-1
5.000000E+0	4.987987E+1	-1.131740E-1
5.000000E+0	4.987985E+1	-1.218797E-1
5.000000E+0	4.987987E+1	-1.131740E-1
5.000000E+0	4.987985E+1	-1.218797E-1
5.000000E+0	4.987985E+1	-1.218797E-1
5.000000E+0	4.987983E+1	-1.305854E-1
samedi 27 avril 2024, 15:50:25
Cycle number :   2
freq  ; Re Z ; Im Z
1.300000E+7	4.779836E+1	-5.640391E+0
1.258925E+7	4.786787E+1	-5.648594E+0
1.122019E+7	4.818363E+1	-5.617651E+0
1.000000E+7	4.853791E+1	-5.513034E+0
8.912509E+6	4.892745E+1	-5.358428E+0
7.943282E+6	4.931200E+1	-5.148096E+0
7.079457E+6	4.968005E+1	-4.888680E+0
6.309573E+6	5.001767E+1	-4.613586E+0
5.623413E+6	5.032540E+1	-4.314409E+0
5.011872E+6	5.060073E+1	-4.017911E+0
4.466835E+6	5.084504E+1	-3.707061E+0
3.981071E+6	5.105572E+1	-3.417969E+0
3.548133E+6	5.123481E+1	-3.124679E+0
3.162277E+6	5.139124E+1	-2.846225E+0
2.818382E+6	5.151485E+1	-2.591602E+0
2.511886E+6	5.161681E+1	-2.343906E+0
2.238721E+6	5.170648E+1	-2.121943E+0
1.995262E+6	5.178453E+1	-1.916953E+0
1.778279E+6	5.184118E+1	-1.728807E+0
1.584893E+6	5.188715E+1	-1.539975E+0
1.412537E+6	5.193124E+1	-1.396148E+0
1.258925E+6	5.197492E+1	-1.252086E+0
1.122018E+6	5.199782E+1	-1.125517E+0
1.000000E+6	5.203023E+1	-1.008116E+0
8.912509E+5	5.205207E+1	-9.085723E-1
7.943282E+5	5.207358E+1	-8.180371E-1
7.079457E+5	5.208492E+1	-7.272900E-1
6.309573E+5	5.209589E+1	-6.546907E-1
5.623413E+5	5.209675E+1	-5.819505E-1
5.011872E+5	5.210742E+1	-5.184014E-1
4.466835E+5	5.211794E+1	-4.639233E-1
3.981071E+5	5.211839E+1	-4.093453E-1
3.548133E+5	5.212879E+1	-3.548349E-1
3.162277E+5	5.212914E+1	-3.002456E-1
2.818382E+5	5.212933E+1	-2.638525E-1
2.511886E+5	5.212954E+1	-2.183610E-1
2.238721E+5	5.212968E+1	-1.819677E-1
1.995262E+5	5.212982E+1	-1.364759E-1
1.778279E+5	5.212994E+1	-8.188558E-2
1.584893E+5	5.209999E+1	-2.727949E-2
1.412537E+5	5.208000E+1	-0.000000E+0
1.258925E+5	5.203995E+1	7.266152E-2
1.122018E+5	5.193996E+1	6.345667E-2
1.000000E+5	5.190000E+1	9.058259E-3
8.912509E+4	5.191999E+1	-3.624699E-2
7.943282E+4	5.193998E+1	-4.532619E-2
7.079457E+4	5.193999E+1	-2.719572E-2
6.309573E+4	5.193999E+1	-2.719572E-2
5.623413E+4	5.192999E+1	-2.719048E-2
5.011872E+4	5.192999E+1	-2.719048E-2
4.466835E+4	5.191999E+1	-2.718525E-2
3.981071E+4	5.190999E+1	-3.624001E-2
3.548133E+4	5.190999E+1	-3.624001E-2
3.162277E+4	5.191998E+1	-4.530874E-2
2.818382E+4	5.191998E+1	-4.530874E-2
2.511886E+4	5.191998E+1	-4.530874E-2
2.238721E+4	5.192998E+1	-4.531747E-2
1.995262E+4	5.192998E+1	-4.531747E-2
1.778279E+4	5.193998E+1	-4.532619E-2
1.584893E+4	5.194999E+1	-3.626794E-2
1.412537E+4	5.194999E+1	-3.626794E-2
1.258925E+4	5.194999E+1	-3.626794E-2
1.122018E+4	5.195999E+1	-3.627492E-2
1.000000E+4	5.195999E+1	-3.627492E-2
8.912509E+3	5.195999E+1	-3.627492E-2
7.943282E+3	5.195999E+1	-3.627492E-2
7.079457E+3	5.195999E+1	-3.627492E-2
6.309573E+3	5.194999E+1	-3.626794E-2
5.623413E+3	5.195999E+1	-3.627492E-2
5.011872E+3	5.195999E+1	-3.627492E-2
4.466835E+3	5.195999E+1	-3.627492E-2
3.981071E+3	5.196999E+1	-3.628190E-2
3.548133E+3	5.196999E+1	-3.628190E-2
3.162277E+3	5.196999E+1	-3.628190E-2
2.818382E+3	5.197999E+1	-3.628888E-2
2.511886E+3	5.198999E+1	-3.629586E-2
2.238721E+3	5.198999E+1	-3.629586E-2
1.995262E+3	5.199999E+1	-3.630285E-2
1.778279E+3	5.199999E+1	-3.630285E-2
1.584893E+3	5.200999E+1	-2.723237E-2
1.412537E+3	5.199999E+1	-2.722714E-2
1.258925E+3	5.200999E+1	-2.723237E-2
1.122018E+3	5.200999E+1	-2.723237E-2
1.000000E+3	5.201000E+1	-1.815491E-2
8.912500E+2	5.202000E+1	-1.815841E-2
7.943280E+2	5.202000E+1	-9.079203E-3
7.079450E+2	5.202000E+1	-9.079203E-3
6.309570E+2	5.202000E+1	-9.079203E-3
5.623410E+2	5.202000E+1	-0.000000E+0
5.011870E+2	5.202000E+1	9.079203E-3
4.466830E+2	5.201000E+1	-0.000000E+0
3.981070E+2	5.201000E+1	0.000000E+0
3.548130E+2	5.201000E+1	9.077457E-3
3.162270E+2	5.201000E+1	9.077457E-3
2.818380E+2	5.200000E+1	9.075712E-3
2.511880E+2	5.200000E+1	1.815142E-2
2.238720E+2	5.200000E+1	1.815142E-2
1.995260E+2	5.199999E+1	2.722714E-2
1.778270E+2	5.198999E+1	2.722190E-2
1.584890E+2	5.199000E+1	9.073967E-3
1.412530E+2	5.198000E+1	1.814444E-2
1.258920E+2	5.197000E+1	1.814095E-2
1.122010E+2	5.196000E+1	1.813746E-2
1.000000E+2	5.195000E+1	1.813397E-2
8.912500E+1	5.194000E+1	1.813048E-2
7.943200E+1	5.193000E+1	1.812699E-2
7.079400E+1	5.192000E+1	9.061749E-3
6.309500E+1	5.191000E+1	9.060004E-3
5.623400E+1	5.189000E+1	9.056513E-3
5.011800E+1	5.188000E+1	9.054768E-3
4.466800E+1	5.187000E+1	0.000000E+0
3.981000E+1	5.185000E+1	-0.000000E+0
3.548100E+1	5.184000E+1	-9.047787E-3
3.162200E+1	5.183000E+1	-1.809208E-2
2.818300E+1	5.182000E+1	-1.808859E-2
2.511800E+1	5.180999E+1	-2.712765E-2
2.238700E+1	5.179999E+1	-3.616322E-2
1.995200E+1	5.177998E+1	-4.518657E-2
1.778200E+1	5.176998E+1	-4.517784E-2
1.584800E+1	5.174997E+1	-5.419246E-2
1.412500E+1	5.172996E+1	-6.320010E-2
1.258900E+1	5.169995E+1	-7.218679E-2
1.122000E+1	5.167994E+1	-8.117872E-2
1.000000E+1	5.164990E+1	-9.916082E-2
8.912000E+0	5.160987E+1	-1.170993E-1
7.943000E+0	5.157985E+1	-1.260336E-1
7.079000E+0	5.152977E+1	-1.528924E-1
6.309000E+0	5.146969E+1	-1.796638E-1
5.623000E+0	5.141951E+1	-2.243614E-1
5.011000E+0	5.134934E+1	-2.599046E-1
5.000000E+0	5.127939E+1	-2.506004E-1
5.000000E+0	5.125943E+1	-2.415562E-1
5.000000E+0	5.124943E+1	-2.415090E-1
5.000000E+0	5.123943E+1	-2.414619E-1
5.000000E+0	5.123943E+1	-2.414619E-1
5.000000E+0	5.123943E+1	-2.414619E-1
5.000000E+0	5.124943E+1	-2.415090E-1
5.000000E+0	5.124943E+1	-2.415090E-1
5.000000E+0	5.123943E+1	-2.414619E-1
5.000000E+0	5.124943E+1	-2.415090E-1
5.000000E+0	5.124943E+1	-2.415090E-1
5.000000E+0	5.124943E+1	-2.415090E-1
5.000000E+0	5.124943E+1	-2.415090E-1
5.000000E+0	5.123943E+1	-2.414619E-1
5.000000E+0	5.124943E+1	-2.415090E-1
5.000000E+0	5.125943E+1	-2.415562E-1
5.000000E+0	5.126943E+1	-2.416033E-1
5.000000E+0	5.125943E+1	-2.415562E-1
5.000000E+0	5.125943E+1	-2.415562E-1
5.000000E+0	5.125943E+1	-2.415562E-1
5.000000E+0	5.124943E+1	-2.415090E-1
5.000000E+0	5.124943E+1	-2.415090E-1
5.000000E+0	5.124943E+1	-2.415090E-1
5.000000E+0	5.124943E+1	-2.415090E-1
5.000000E+0	5.124943E+1	-2.415090E-1
5.000000E+0	5.123943E+1	-2.414619E-1
5.000000E+0	5.123943E+1	-2.414619E-1
5.000000E+0	5.123943E+1	-2.414619E-1
5.000000E+0	5.123943E+1	-2.414619E-1
5.000000E+0	5.123943E+1	-2.414619E-1
5.000000E+0	5.124943E+1	-2.415090E-1
5.000000E+0	5.124943E+1	-2.415090E-1
5.000000E+0	5.124939E+1	-2.504538E-1
5.000000E+0	5.124947E+1	-2.325643E-1
5.000000E+0	5.124943E+1	-2.415090E-1
5.000000E+0	5.124943E+1	-2.415090E-1
5.000000E+0	5.124943E+1	-2.415090E-1
5.000000E+0	5.123943E+1	-2.414619E-1
5.000000E+0	5.123943E+1	-2.414619E-1
5.000000E+0	5.123943E+1	-2.414619E-1
5.000000E+0	5.123943E+1	-2.414619E-1
5.000000E+0	5.123943E+1	-2.414619E-1
5.000000E+0	5.122943E+1	-2.414148E-1
5.000000E+0	5.122943E+1	-2.414148E-1
5.000000E+0	5.122943E+1	-2.414148E-1
5.000000E+0	5.122947E+1	-2.324736E-1
5.000000E+0	5.121943E+1	-2.413677E-1
5.000000E+0	5.121943E+1	-2.413677E-1
5.000000E+0	5.122943E+1	-2.414148E-1
5.000000E+0	5.122943E+1	-2.414148E-1
5.000000E+0	5.122943E+1	-2.414148E-1
5.000000E+0	5.122943E+1	-2.414148E-1
5.000000E+0	5.122943E+1	-2.414148E-1
5.000000E+0	5.121943E+1	-2.413677E-1
5.000000E+0	5.121943E+1	-2.413677E-1
5.000000E+0	5.121943E+1	-2.413677E-1
5.000000E+0	5.121947E+1	-2.324282E-1
5.000000E+0	5.120943E+1	-2.413205E-1
5.000000E+0	5.121947E+1	-2.324282E-1
5.000000E+0	5.121943E+1	-2.413677E-1
5.000000E+0	5.121943E+1	-2.413677E-1
5.000000E+0	5.121943E+1	-2.413677E-1
5.000000E+0	5.121943E+1	-2.413677E-1
5.000000E+0	5.122943E+1	-2.414148E-1
5.000000E+0	5.121943E+1	-2.413677E-1
5.000000E+0	5.122943E+1	-2.414148E-1
5.000000E+0	5.122943E+1	-2.414148E-1
5.000000E+0	5.121947E+1	-2.324282E-1
5.000000E+0	5.121947E+1	-2.324282E-1
5.000000E+0	5.121943E+1	-2.413677E-1
samedi 27 avril 2024, 15:56:59
Cycle number :   3
freq  ; Re Z ; Im Z
1.300000E+7	4.748834E+1	-5.536589E+0
1.258925E+7	4.755883E+1	-5.536394E+0
1.122019E+7	4.787353E+1	-5.513756E+0
1.000000E+7	4.823655E+1	-5.419121E+0
8.912509E+6	4.861582E+1	-5.264199E+0
7.943282E+6	4.899994E+1	-5.055008E+0
7.079457E+6	4.936665E+1	-4.805649E+0
6.309573E+6	4.970380E+1	-4.532147E+0
5.623413E+6	5.002026E+1	-4.244280E+0
5.011872E+6	5.029586E+1	-3.940705E+0
4.466835E+6	5.053842E+1	-3.649238E+0
3.981071E+6	5.075933E+1	-3.353635E+0
3.548133E+6	5.093752E+1	-3.070857E+0
3.162277E+6	5.109318E+1	-2.802883E+0
2.818382E+6	5.122656E+1	-2.550209E+0
2.511886E+6	5.132792E+1	-2.312834E+0
2.238721E+6	5.141746E+1	-2.092104E+0
1.995262E+6	5.149539E+1	-1.888250E+0
1.778279E+6	5.156193E+1	-1.701476E+0
1.584893E+6	5.160754E+1	-1.522661E+0
1.412537E+6	5.165182E+1	-1.370593E+0
1.258925E+6	5.169522E+1	-1.236321E+0
1.122018E+6	5.171808E+1	-1.110431E+0
1.000000E+6	5.175046E+1	-9.936596E-1
8.912509E+5	5.177227E+1	-8.946497E-1
7.943282E+5	5.179375E+1	-8.045993E-1
7.079457E+5	5.181495E+1	-7.235202E-1
6.309573E+5	5.182591E+1	-6.512978E-1
5.623413E+5	5.183677E+1	-5.790463E-1
5.011872E+5	5.185743E+1	-5.159143E-1
4.466835E+5	5.186802E+1	-4.526454E-1
3.981071E+5	5.186847E+1	-3.983291E-1
3.548133E+5	5.187880E+1	-3.531332E-1
3.162277E+5	5.188914E+1	-2.988633E-1
2.818382E+5	5.188938E+1	-2.535814E-1
2.511886E+5	5.188954E+1	-2.173557E-1
2.238721E+5	5.189971E+1	-1.721066E-1
1.995262E+5	5.189985E+1	-1.268155E-1
1.778279E+5	5.189994E+1	-8.152430E-2
1.584893E+5	5.186999E+1	-2.715907E-2
1.412537E+5	5.186000E+1	-0.000000E+0
1.258925E+5	5.181994E+1	8.139863E-2
1.122018E+5	5.171995E+1	7.221472E-2
1.000000E+5	5.168000E+1	9.019862E-3
8.912509E+4	5.169999E+1	-3.609341E-2
7.943282E+4	5.170999E+1	-3.610039E-2
7.079457E+4	5.172999E+1	-2.708576E-2
6.309573E+4	5.172999E+1	-2.708576E-2
5.623413E+4	5.172999E+1	-2.708576E-2
5.011872E+4	5.171999E+1	-2.708053E-2
4.466835E+4	5.171999E+1	-2.708053E-2
3.981071E+4	5.171999E+1	-3.610737E-2
3.548133E+4	5.171999E+1	-3.610737E-2
3.162277E+4	5.172998E+1	-4.514294E-2
2.818382E+4	5.173998E+1	-4.515166E-2
2.511886E+4	5.173998E+1	-4.515166E-2
2.238721E+4	5.174998E+1	-4.516039E-2
1.995262E+4	5.174998E+1	-4.516039E-2
1.778279E+4	5.175998E+1	-4.516912E-2
1.584893E+4	5.175998E+1	-4.516912E-2
1.412537E+4	5.175999E+1	-3.613529E-2
1.258925E+4	5.176999E+1	-3.614228E-2
1.122018E+4	5.176999E+1	-3.614228E-2
1.000000E+4	5.176999E+1	-3.614228E-2
8.912509E+3	5.177999E+1	-3.614926E-2
7.943282E+3	5.177999E+1	-3.614926E-2
7.079457E+3	5.177999E+1	-3.614926E-2
6.309573E+3	5.178999E+1	-3.615624E-2
5.623413E+3	5.178999E+1	-3.615624E-2
5.011872E+3	5.179999E+1	-3.616322E-2
4.466835E+3	5.179999E+1	-3.616322E-2
3.981071E+3	5.180999E+1	-3.617020E-2
3.548133E+3	5.181998E+1	-4.522148E-2
3.162277E+3	5.181999E+1	-3.617718E-2
2.818382E+3	5.182999E+1	-3.618416E-2
2.511886E+3	5.182999E+1	-3.618416E-2
2.238721E+3	5.183999E+1	-3.619114E-2
1.995262E+3	5.183999E+1	-3.619114E-2
1.778279E+3	5.184999E+1	-3.619813E-2
1.584893E+3	5.184999E+1	-2.714860E-2
1.412537E+3	5.184999E+1	-3.619813E-2
1.258925E+3	5.185999E+1	-2.715383E-2
1.122018E+3	5.186999E+1	-2.715907E-2
1.000000E+3	5.187000E+1	-1.810605E-2
8.912500E+2	5.187000E+1	-1.810605E-2
7.943280E+2	5.188000E+1	-1.810954E-2
7.079450E+2	5.188000E+1	-9.054768E-3
6.309570E+2	5.188000E+1	-9.054768E-3
5.623410E+2	5.188000E+1	-0.000000E+0
5.011870E+2	5.188000E+1	9.054768E-3
4.466830E+2	5.188000E+1	-0.000000E+0
3.981070E+2	5.188000E+1	0.000000E+0
3.548130E+2	5.188000E+1	0.000000E+0
3.162270E+2	5.188000E+1	9.054768E-3
2.818380E+2	5.188000E+1	9.054768E-3
2.511880E+2	5.187000E+1	1.810605E-2
2.238720E+2	5.187000E+1	1.810605E-2
1.995260E+2	5.187000E+1	1.810605E-2
1.778270E+2	5.185999E+1	2.715383E-2
1.584890E+2	5.186000E+1	9.051277E-3
1.412530E+2	5.185000E+1	9.049532E-3
1.258920E+2	5.185000E+1	1.809906E-2
1.122010E+2	5.184000E+1	1.809557E-2
1.000000E+2	5.183000E+1	1.809208E-2
8.912500E+1	5.182000E+1	1.808859E-2
7.943200E+1	5.181000E+1	1.808510E-2
7.079400E+1	5.181000E+1	1.808510E-2
6.309500E+1	5.179000E+1	9.039060E-3
5.623400E+1	5.178000E+1	9.037315E-3
5.011800E+1	5.177000E+1	9.035569E-3
4.466800E+1	5.176000E+1	0.000000E+0
3.981000E+1	5.175000E+1	-0.000000E+0
3.548100E+1	5.174000E+1	-9.030334E-3
3.162200E+1	5.173000E+1	-1.805718E-2
2.818300E+1	5.172000E+1	-1.805369E-2
2.511800E+1	5.170999E+1	-2.707529E-2
2.238700E+1	5.169999E+1	-3.609341E-2
1.995200E+1	5.167999E+1	-3.607944E-2
1.778200E+1	5.166998E+1	-4.509058E-2
1.584800E+1	5.165997E+1	-5.409822E-2
1.412500E+1	5.162996E+1	-6.307793E-2
1.258900E+1	5.159995E+1	-7.204717E-2
1.122000E+1	5.157994E+1	-8.102164E-2
1.000000E+1	5.154990E+1	-9.896883E-2
8.912000E+0	5.151989E+1	-1.079032E-1
7.943000E+0	5.148985E+1	-1.258137E-1
7.079000E+0	5.145977E+1	-1.526847E-1
6.309000E+0	5.140969E+1	-1.794544E-1
5.623000E+0	5.135955E+1	-2.151356E-1
5.011000E+0	5.128934E+1	-2.596009E-1
5.000000E+0	5.122939E+1	-2.503560E-1
5.000000E+0	5.120939E+1	-2.502583E-1
5.000000E+0	5.120943E+1	-2.413205E-1
5.000000E+0	5.119943E+1	-2.412734E-1
5.000000E+0	5.119943E+1	-2.412734E-1
5.000000E+0	5.119943E+1	-2.412734E-1
5.000000E+0	5.119943E+1	-2.412734E-1
5.000000E+0	5.119943E+1	-2.412734E-1
5.000000E+0	5.119943E+1	-2.412734E-1
5.000000E+0	5.119943E+1	-2.412734E-1
5.000000E+0	5.119943E+1	-2.412734E-1
5.000000E+0	5.119943E+1	-2.412734E-1
5.000000E+0	5.118947E+1	-2.322921E-1
5.000000E+0	5.118947E+1	-2.322921E-1
5.000000E+0	5.118943E+1	-2.412263E-1
5.000000E+0	5.117943E+1	-2.411792E-1
5.000000E+0	5.117943E+1	-2.411792E-1
5.000000E+0	5.117943E+1	-2.411792E-1
5.000000E+0	5.117943E+1	-2.411792E-1
5.000000E+0	5.117943E+1	-2.411792E-1
5.000000E+0	5.117947E+1	-2.322467E-1
5.000000E+0	5.117943E+1	-2.411792E-1
5.000000E+0	5.117943E+1	-2.411792E-1
5.000000E+0	5.117943E+1	-2.411792E-1
5.000000E+0	5.117947E+1	-2.322467E-1
5.000000E+0	5.117943E+1	-2.411792E-1
5.000000E+0	5.117943E+1	-2.411792E-1
5.000000E+0	5.117943E+1	-2.411792E-1
5.000000E+0	5.116943E+1	-2.411321E-1
5.000000E+0	5.117947E+1	-2.322467E-1
5.000000E+0	5.116943E+1	-2.411321E-1
5.000000E+0	5.116943E+1	-2.411321E-1
5.000000E+0	5.117943E+1	-2.411792E-1
5.000000E+0	5.117943E+1	-2.411792E-1
5.000000E+0	5.117943E+1	-2.411792E-1
5.000000E+0	5.116943E+1	-2.411321E-1
5.000000E+0	5.116943E+1	-2.411321E-1
5.000000E+0	5.116947E+1	-2.322013E-1
5.000000E+0	5.115943E+1	-2.410849E-1
5.000000E+0	5.115947E+1	-2.321559E-1
5.000000E+0	5.115943E+1	-2.410849E-1
5.000000E+0	5.115943E+1	-2.410849E-1
5.000000E+0	5.115943E+1	-2.410849E-1
5.000000E+0	5.115947E+1	-2.321559E-1
5.000000E+0	5.115943E+1	-2.410849E-1
5.000000E+0	5.114943E+1	-2.410378E-1
5.000000E+0	5.114943E+1	-2.410378E-1
5.000000E+0	5.114943E+1	-2.410378E-1
5.000000E+0	5.113943E+1	-2.409907E-1
5.000000E+0	5.113943E+1	-2.409907E-1
5.000000E+0	5.113947E+1	-2.320652E-1
5.000000E+0	5.113947E+1	-2.320652E-1
5.000000E+0	5.113947E+1	-2.320652E-1
5.000000E+0	5.113943E+1	-2.409907E-1
5.000000E+0	5.113943E+1	-2.409907E-1
5.000000E+0	5.112947E+1	-2.320198E-1
5.000000E+0	5.112943E+1	-2.409436E-1
5.000000E+0	5.112943E+1	-2.409436E-1
5.000000E+0	5.111943E+1	-2.408964E-1
5.000000E+0	5.111943E+1	-2.408964E-1
5.000000E+0	5.111943E+1	-2.408964E-1
5.000000E+0	5.112943E+1	-2.409436E-1
5.000000E+0	5.111943E+1	-2.408964E-1
5.000000E+0	5.112943E+1	-2.409436E-1
5.000000E+0	5.112943E+1	-2.409436E-1
5.000000E+0	5.112943E+1	-2.409436E-1
5.000000E+0	5.112943E+1	-2.409436E-1
5.000000E+0	5.112943E+1	-2.409436E-1
5.000000E+0	5.112943E+1	-2.409436E-1
5.000000E+0	5.112943E+1	-2.409436E-1
samedi 27 avril 2024, 16:03:32
Cycle number :   4
freq  ; Re Z ; Im Z
1.300000E+7	4.743067E+1	-5.513084E+0
1.258925E+7	4.750020E+1	-5.521166E+0
1.122019E+7	4.780495E+1	-5.497403E+0
1.000000E+7	4.815894E+1	-5.393379E+0
8.912509E+6	4.854806E+1	-5.239717E+0
7.943282E+6	4.892212E+1	-5.029722E+0
7.079457E+6	4.928869E+1	-4.780693E+0
6.309573E+6	4.962571E+1	-4.507560E+0
5.623413E+6	4.993205E+1	-4.219242E+0
5.011872E+6	5.020682E+1	-3.924912E+0
4.466835E+6	5.044929E+1	-3.633951E+0
3.981071E+6	5.066014E+1	-3.338201E+0
3.548133E+6	5.084822E+1	-3.056566E+0
3.162277E+6	5.100380E+1	-2.789052E+0
2.818382E+6	5.112713E+1	-2.536314E+0
2.511886E+6	5.123841E+1	-2.299840E+0
2.238721E+6	5.132789E+1	-2.079487E+0
1.995262E+6	5.140545E+1	-1.884952E+0
1.778279E+6	5.146199E+1	-1.698178E+0
1.584893E+6	5.151785E+1	-1.511015E+0
1.412537E+6	5.156209E+1	-1.359206E+0
1.258925E+6	5.159546E+1	-1.224925E+0
1.122018E+6	5.162810E+1	-1.108499E+0
1.000000E+6	5.166048E+1	-9.919318E-1
8.912509E+5	5.168228E+1	-8.930946E-1
7.943282E+5	5.170376E+1	-8.032014E-1
7.079457E+5	5.172496E+1	-7.222636E-1
6.309573E+5	5.173603E+1	-6.411373E-1
5.623413E+5	5.174677E+1	-5.780410E-1
5.011872E+5	5.175744E+1	-5.149195E-1
4.466835E+5	5.176803E+1	-4.517727E-1
3.981071E+5	5.177847E+1	-3.976379E-1
3.548133E+5	5.178886E+1	-3.434818E-1
3.162277E+5	5.179914E+1	-2.983449E-1
2.818382E+5	5.179938E+1	-2.531415E-1
2.511886E+5	5.180955E+1	-2.170206E-1
2.238721E+5	5.180972E+1	-1.718082E-1
1.995262E+5	5.181982E+1	-1.356643E-1
1.778279E+5	5.181994E+1	-8.139863E-2
1.584893E+5	5.178999E+1	-2.711718E-2
1.412537E+5	5.178000E+1	-0.000000E+0
1.258925E+5	5.174995E+1	7.225661E-2
1.122018E+5	5.163995E+1	7.210302E-2
1.000000E+5	5.161000E+1	9.007644E-3
8.912509E+4	5.161999E+1	-3.603756E-2
7.943282E+4	5.163998E+1	-4.506440E-2
7.079457E+4	5.164999E+1	-3.605850E-2
6.309573E+4	5.164999E+1	-2.704388E-2
5.623413E+4	5.164999E+1	-2.704388E-2
5.011872E+4	5.164999E+1	-2.704388E-2
4.466835E+4	5.164999E+1	-2.704388E-2
3.981071E+4	5.163999E+1	-3.605152E-2
3.548133E+4	5.164999E+1	-3.605850E-2
3.162277E+4	5.165998E+1	-4.508185E-2
2.818382E+4	5.165998E+1	-4.508185E-2
2.511886E+4	5.166998E+1	-4.509058E-2
2.238721E+4	5.166998E+1	-4.509058E-2
1.995262E+4	5.167998E+1	-4.509930E-2
1.778279E+4	5.167998E+1	-4.509930E-2
1.584893E+4	5.167998E+1	-4.509930E-2
1.412537E+4	5.168999E+1	-3.608642E-2
1.258925E+4	5.168999E+1	-3.608642E-2
1.122018E+4	5.169999E+1	-3.609341E-2
1.000000E+4	5.169999E+1	-3.609341E-2
8.912509E+3	5.169999E+1	-3.609341E-2
7.943282E+3	5.169999E+1	-3.609341E-2
7.079457E+3	5.170999E+1	-3.610039E-2
6.309573E+3	5.170999E+1	-3.610039E-2
5.623413E+3	5.171999E+1	-3.610737E-2
5.011872E+3	5.171999E+1	-3.610737E-2
4.466835E+3	5.172999E+1	-3.611435E-2
3.981071E+3	5.172999E+1	-3.611435E-2
3.548133E+3	5.172999E+1	-3.611435E-2
3.162277E+3	5.173998E+1	-4.515166E-2
2.818382E+3	5.173999E+1	-3.612133E-2
2.511886E+3	5.174999E+1	-3.612831E-2
2.238721E+3	5.175999E+1	-3.613529E-2
1.995262E+3	5.176999E+1	-3.614228E-2
1.778279E+3	5.176999E+1	-3.614228E-2
1.584893E+3	5.177999E+1	-2.711194E-2
1.412537E+3	5.177999E+1	-2.711194E-2
1.258925E+3	5.177999E+1	-2.711194E-2
1.122018E+3	5.178999E+1	-2.711718E-2
1.000000E+3	5.179000E+1	-1.807812E-2
8.912500E+2	5.180000E+1	-1.808161E-2
7.943280E+2	5.180000E+1	-9.040805E-3
7.079450E+2	5.180000E+1	-9.040805E-3
6.309570E+2	5.180000E+1	-9.040805E-3
5.623410E+2	5.180000E+1	-0.000000E+0
5.011870E+2	5.180000E+1	0.000000E+0
4.466830E+2	5.179000E+1	-0.000000E+0
3.981070E+2	5.179000E+1	-0.000000E+0
3.548130E+2	5.179000E+1	9.039060E-3
3.162270E+2	5.179000E+1	9.039060E-3
2.818380E+2	5.179000E+1	9.039060E-3
2.511880E+2	5.178000E+1	1.807463E-2
2.238720E+2	5.178000E+1	1.807463E-2
1.995260E+2	5.178000E+1	1.807463E-2
1.778270E+2	5.177999E+1	2.711194E-2
1.584890E+2	5.177000E+1	9.035569E-3
1.412530E+2	5.177000E+1	9.035569E-3
1.258920E+2	5.176000E+1	9.033824E-3
1.122010E+2	5.176000E+1	1.806765E-2
1.000000E+2	5.175000E+1	1.806416E-2
8.912500E+1	5.174000E+1	9.030334E-3
7.943200E+1	5.173000E+1	1.805718E-2
7.079400E+1	5.173000E+1	9.028588E-3
6.309500E+1	5.172000E+1	9.026843E-3
5.623400E+1	5.171000E+1	9.025098E-3
5.011800E+1	5.170000E+1	9.023352E-3
4.466800E+1	5.169000E+1	0.000000E+0
3.981000E+1	5.168000E+1	-0.000000E+0
3.548100E+1	5.167000E+1	-9.018116E-3
3.162200E+1	5.166000E+1	-1.803274E-2
2.818300E+1	5.163999E+1	-2.703864E-2
2.511800E+1	5.163000E+1	-1.802227E-2
2.238700E+1	5.161999E+1	-2.702817E-2
1.995200E+1	5.160998E+1	-4.503822E-2
1.778200E+1	5.158998E+1	-4.502076E-2
1.584800E+1	5.157997E+1	-5.401444E-2
1.412500E+1	5.154996E+1	-6.298019E-2
1.258900E+1	5.152995E+1	-7.194943E-2
1.122000E+1	5.150994E+1	-8.091169E-2
1.000000E+1	5.148991E+1	-9.885364E-2
8.912000E+0	5.145989E+1	-1.077775E-1
7.943000E+0	5.142985E+1	-1.256671E-1
7.079000E+0	5.138977E+1	-1.524770E-1
6.309000E+0	5.133969E+1	-1.792100E-1
5.623000E+0	5.127955E+1	-2.148005E-1
5.011000E+0	5.121934E+1	-2.592466E-1
5.000000E+0	5.115939E+1	-2.500139E-1
5.000000E+0	5.113943E+1	-2.409907E-1
5.000000E+0	5.113943E+1	-2.409907E-1
5.000000E+0	5.113943E+1	-2.409907E-1
5.000000E+0	5.114943E+1	-2.410378E-1
5.000000E+0	5.114943E+1	-2.410378E-1
5.000000E+0	5.114943E+1	-2.410378E-1
5.000000E+0	5.115943E+1	-2.410849E-1
5.000000E+0	5.115943E+1	-2.410849E-1
5.000000E+0	5.116943E+1	-2.411321E-1
5.000000E+0	5.119943E+1	-2.412734E-1
5.000000E+0	5.120943E+1	-2.413205E-1
5.000000E+0	5.121943E+1	-2.413677E-1
5.000000E+0	5.121943E+1	-2.413677E-1
5.000000E+0	5.121943E+1	-2.413677E-1
5.000000E+0	5.120943E+1	-2.413205E-1
5.000000E+0	5.120947E+1	-2.323828E-1
5.000000E+0	5.119943E+1	-2.412734E-1
5.000000E+0	5.118943E+1	-2.412263E-1
5.000000E+0	5.118943E+1	-2.412263E-1
5.000000E+0	5.118943E+1	-2.412263E-1
5.000000E+0	5.118943E+1	-2.412263E-1
5.000000E+0	5.119943E+1	-2.412734E-1
5.000000E+0	5.120943E+1	-2.413205E-1
5.000000E+0	5.120943E+1	-2.413205E-1
5.000000E+0	5.119943E+1	-2.412734E-1
5.000000E+0	5.118943E+1	-2.412263E-1
5.000000E+0	5.118943E+1	-2.412263E-1
5.000000E+0	5.118943E+1	-2.412263E-1
5.000000E+0	5.119943E+1	-2.412734E-1
5.000000E+0	5.119943E+1	-2.412734E-1
5.000000E+0	5.120943E+1	-2.413205E-1
5.000000E+0	5.121943E+1	-2.413677E-1
5.000000E+0	5.123943E+1	-2.414619E-1
5.000000E+0	5.123943E+1	-2.414619E-1
5.000000E+0	5.124943E+1	-2.415090E-1
5.000000E+0	5.124943E+1	-2.415090E-1
5.000000E+0	5.123943E+1	-2.414619E-1
5.000000E+0	5.122943E+1	-2.414148E-1
5.000000E+0	5.122943E+1	-2.414148E-1
5.000000E+0	5.123943E+1	-2.414619E-1
5.000000E+0	5.125943E+1	-2.415562E-1
5.000000E+0	5.127943E+1	-2.416504E-1
5.000000E+0	5.128943E+1	-2.416975E-1
5.000000E+0	5.127943E+1	-2.416504E-1
5.000000E+0	5.127943E+1	-2.416504E-1
5.000000E+0	5.126943E+1	-2.416033E-1
5.000000E+0	5.127943E+1	-2.416504E-1
5.000000E+0	5.128943E+1	-2.416975E-1
5.000000E+0	5.127943E+1	-2.416504E-1
5.000000E+0	5.128943E+1	-2.416975E-1
5.000000E+0	5.128943E+1	-2.416975E-1
5.000000E+0	5.129943E+1	-2.417447E-1
5.000000E+0	5.130943E+1	-2.417918E-1
5.000000E+0	5.130943E+1	-2.417918E-1
5.000000E+0	5.130943E+1	-2.417918E-1
5.000000E+0	5.131943E+1	-2.418389E-1
5.000000E+0	5.133943E+1	-2.419332E-1
5.000000E+0	5.133943E+1	-2.419332E-1
5.000000E+0	5.132943E+1	-2.418860E-1
5.000000E+0	5.133943E+1	-2.419332E-1
5.000000E+0	5.133943E+1	-2.419332E-1
5.000000E+0	5.134943E+1	-2.419803E-1
5.000000E+0	5.135943E+1	-2.420274E-1
5.000000E+0	5.137943E+1	-2.421216E-1
5.000000E+0	5.138943E+1	-2.421688E-1
5.000000E+0	5.137943E+1	-2.421216E-1
5.000000E+0	5.136943E+1	-2.420745E-1
5.000000E+0	5.136943E+1	-2.420745E-1
5.000000E+0	5.136943E+1	-2.420745E-1
samedi 27 avril 2024, 16:10:06
Cycle number :   5
freq  ; Re Z ; Im Z
1.300000E+7	4.761455E+1	-5.576575E+0
1.258925E+7	4.769401E+1	-5.585881E+0
1.122019E+7	4.801867E+1	-5.564443E+0
1.000000E+7	4.838181E+1	-5.469645E+0
8.912509E+6	4.877212E+1	-5.306961E+0
7.943282E+6	4.915644E+1	-5.097166E+0
7.079457E+6	4.953331E+1	-4.848056E+0
6.309573E+6	4.987071E+1	-4.573697E+0
5.623413E+6	5.018741E+1	-4.284932E+0
5.011872E+6	5.046326E+1	-3.980407E+0
4.466835E+6	5.070670E+1	-3.679181E+0
3.981071E+6	5.091722E+1	-3.390844E+0
3.548133E+6	5.110613E+1	-3.098927E+0
3.162277E+6	5.126194E+1	-2.830089E+0
2.818382E+6	5.138547E+1	-2.576102E+0
2.511886E+6	5.150692E+1	-2.338916E+0
2.238721E+6	5.160656E+1	-2.117843E+0
1.995262E+6	5.168460E+1	-1.913254E+0
1.778279E+6	5.175123E+1	-1.725807E+0
1.584893E+6	5.180719E+1	-1.537601E+0
1.412537E+6	5.185151E+1	-1.384948E+0
1.258925E+6	5.188495E+1	-1.249919E+0
1.122018E+6	5.191784E+1	-1.123786E+0
1.000000E+6	5.194025E+1	-1.006372E+0
8.912509E+5	5.197208E+1	-9.071761E-1
7.943282E+5	5.200358E+1	-8.169376E-1
7.079457E+5	5.202480E+1	-7.355323E-1
6.309573E+5	5.204589E+1	-6.540624E-1
5.623413E+5	5.205675E+1	-5.815037E-1
5.011872E+5	5.206742E+1	-5.180034E-1
4.466835E+5	5.207794E+1	-4.635673E-1
3.981071E+5	5.208839E+1	-4.091097E-1
3.548133E+5	5.208879E+1	-3.545626E-1
3.162277E+5	5.209914E+1	-3.000728E-1
2.818382E+5	5.209933E+1	-2.637007E-1
2.511886E+5	5.209954E+1	-2.182353E-1
2.238721E+5	5.210968E+1	-1.818978E-1
1.995262E+5	5.210982E+1	-1.364235E-1
1.778279E+5	5.210994E+1	-8.185416E-2
1.584893E+5	5.207999E+1	-2.726902E-2
1.412537E+5	5.207000E+1	-0.000000E+0
1.258925E+5	5.202995E+1	7.264756E-2
1.122018E+5	5.192996E+1	6.344445E-2
1.000000E+5	5.190000E+1	9.058259E-3
8.912509E+4	5.191999E+1	-3.624699E-2
7.943282E+4	5.193998E+1	-4.532619E-2
7.079457E+4	5.194999E+1	-3.626794E-2
6.309573E+4	5.193999E+1	-2.719572E-2
5.623413E+4	5.194999E+1	-3.626794E-2
5.011872E+4	5.194999E+1	-2.720096E-2
4.466835E+4	5.194999E+1	-2.720096E-2
3.981071E+4	5.193999E+1	-3.626096E-2
3.548133E+4	5.193999E+1	-3.626096E-2
3.162277E+4	5.194998E+1	-4.533492E-2
2.818382E+4	5.195998E+1	-4.534365E-2
2.511886E+4	5.196998E+1	-4.535237E-2
2.238721E+4	5.197998E+1	-4.536110E-2
1.995262E+4	5.198998E+1	-4.536983E-2
1.778279E+4	5.198998E+1	-4.536983E-2
1.584893E+4	5.200998E+1	-4.538728E-2
1.412537E+4	5.202998E+1	-4.540473E-2
1.258925E+4	5.204998E+1	-4.542219E-2
1.122018E+4	5.206999E+1	-3.635171E-2
1.000000E+4	5.206999E+1	-3.635171E-2
8.912509E+3	5.206999E+1	-3.635171E-2
7.943282E+3	5.207999E+1	-3.635870E-2
7.079457E+3	5.209999E+1	-3.637266E-2
6.309573E+3	5.210999E+1	-3.637964E-2
5.623413E+3	5.211999E+1	-3.638662E-2
5.011872E+3	5.212999E+1	-3.639360E-2
4.466835E+3	5.213999E+1	-3.640058E-2
3.981071E+3	5.214998E+1	-4.550945E-2
3.548133E+3	5.216998E+1	-4.552691E-2
3.162277E+3	5.218998E+1	-4.554436E-2
2.818382E+3	5.219998E+1	-4.555309E-2
2.511886E+3	5.220998E+1	-4.556181E-2
2.238721E+3	5.221999E+1	-3.645643E-2
1.995262E+3	5.222999E+1	-3.646342E-2
1.778279E+3	5.223999E+1	-3.647040E-2
1.584893E+3	5.223999E+1	-2.735280E-2
1.412537E+3	5.224999E+1	-3.647738E-2
1.258925E+3	5.225999E+1	-2.736327E-2
1.122018E+3	5.225999E+1	-2.736327E-2
1.000000E+3	5.226000E+1	-1.824218E-2
8.912500E+2	5.227000E+1	-1.824567E-2
7.943280E+2	5.228000E+1	-1.824916E-2
7.079450E+2	5.228000E+1	-9.124581E-3
6.309570E+2	5.228000E+1	-9.124581E-3
5.623410E+2	5.229000E+1	-0.000000E+0
5.011870E+2	5.230000E+1	0.000000E+0
4.466830E+2	5.231000E+1	-0.000000E+0
3.981070E+2	5.232000E+1	0.000000E+0
3.548130E+2	5.232000E+1	9.131563E-3
3.162270E+2	5.232000E+1	9.131563E-3
2.818380E+2	5.232000E+1	9.131563E-3
2.511880E+2	5.231000E+1	1.825963E-2
2.238720E+2	5.230000E+1	1.825614E-2
1.995260E+2	5.230000E+1	1.825614E-2
1.778270E+2	5.230000E+1	1.825614E-2
1.584890E+2	5.231000E+1	9.129817E-3
1.412530E+2	5.230000E+1	9.128072E-3
1.258920E+2	5.229000E+1	9.126327E-3
1.122010E+2	5.228000E+1	9.124581E-3
1.000000E+2	5.228000E+1	1.824916E-2
8.912500E+1	5.227000E+1	1.824567E-2
7.943200E+1	5.225000E+1	1.823869E-2
7.079400E+1	5.224000E+1	9.117600E-3
6.309500E+1	5.223000E+1	9.115855E-3
5.623400E+1	5.222000E+1	9.114109E-3
5.011800E+1	5.221000E+1	9.112364E-3
4.466800E+1	5.221000E+1	0.000000E+0
3.981000E+1	5.219000E+1	-9.108873E-3
3.548100E+1	5.218000E+1	-9.107128E-3
3.162200E+1	5.218000E+1	-1.821426E-2
2.818300E+1	5.217000E+1	-1.821077E-2
2.511800E+1	5.216999E+1	-2.731615E-2
2.238700E+1	5.216999E+1	-3.642153E-2
1.995200E+1	5.215998E+1	-4.551818E-2
1.778200E+1	5.214998E+1	-4.550945E-2
1.584800E+1	5.213997E+1	-5.460087E-2
1.412500E+1	5.211996E+1	-6.367658E-2
1.258900E+1	5.207995E+1	-7.271737E-2
1.122000E+1	5.203994E+1	-8.174421E-2
1.000000E+1	5.199990E+1	-9.983277E-2
8.912000E+0	5.194989E+1	-1.088037E-1
7.943000E+0	5.190985E+1	-1.268399E-1
7.079000E+0	5.185977E+1	-1.538715E-1
6.309000E+0	5.180968E+1	-1.808506E-1
5.623000E+0	5.177951E+1	-2.259322E-1
5.011000E+0	5.170934E+1	-2.617267E-1
5.000000E+0	5.164938E+1	-2.524085E-1
5.000000E+0	5.162938E+1	-2.523108E-1
5.000000E+0	5.161943E+1	-2.432526E-1
5.000000E+0	5.162938E+1	-2.523108E-1
5.000000E+0	5.162943E+1	-2.432997E-1
5.000000E+0	5.161943E+1	-2.432526E-1
5.000000E+0	5.160943E+1	-2.432055E-1
5.000000E+0	5.159943E+1	-2.431584E-1
5.000000E+0	5.158943E+1	-2.431112E-1
5.000000E+0	5.159943E+1	-2.431584E-1
5.000000E+0	5.161938E+1	-2.522619E-1
5.000000E+0	5.163943E+1	-2.433469E-1
5.000000E+0	5.163938E+1	-2.523596E-1
5.000000E+0	5.163943E+1	-2.433469E-1
5.000000E+0	5.163943E+1	-2.433469E-1
5.000000E+0	5.164943E+1	-2.433940E-1
5.000000E+0	5.165938E+1	-2.524574E-1
5.000000E+0	5.166943E+1	-2.434882E-1
5.000000E+0	5.167938E+1	-2.525551E-1
5.000000E+0	5.169943E+1	-2.436296E-1
5.000000E+0	5.171943E+1	-2.437239E-1
5.000000E+0	5.171938E+1	-2.527506E-1
5.000000E+0	5.170943E+1	-2.436767E-1
5.000000E+0	5.170943E+1	-2.436767E-1
5.000000E+0	5.172938E+1	-2.527995E-1
5.000000E+0	5.174938E+1	-2.528972E-1
5.000000E+0	5.176938E+1	-2.529949E-1
5.000000E+0	5.176938E+1	-2.529949E-1
5.000000E+0	5.177943E+1	-2.440066E-1
5.000000E+0	5.177943E+1	-2.440066E-1
5.000000E+0	5.178942E+1	-2.440537E-1
5.000000E+0	5.178938E+1	-2.530927E-1
5.000000E+0	5.180942E+1	-2.441480E-1
5.000000E+0	5.180942E+1	-2.441480E-1
5.000000E+0	5.181938E+1	-2.532393E-1
5.000000E+0	5.183938E+1	-2.533370E-1
5.000000E+0	5.183942E+1	-2.442893E-1
5.000000E+0	5.182942E+1	-2.442422E-1
5.000000E+0	5.182938E+1	-2.532882E-1
5.000000E+0	5.182942E+1	-2.442422E-1
5.000000E+0	5.182942E+1	-2.442422E-1
5.000000E+0	5.182942E+1	-2.442422E-1
5.000000E+0	5.181942E+1	-2.441951E-1
5.000000E+0	5.180942E+1	-2.441480E-1
5.000000E+0	5.178942E+1	-2.440537E-1
5.000000E+0	5.178942E+1	-2.440537E-1
5.000000E+0	5.178942E+1	-2.440537E-1
5.000000E+0	5.177943E+1	-2.440066E-1
5.000000E+0	5.177943E+1	-2.440066E-1
5.000000E+0	5.176943E+1	-2.439595E-1
5.000000E+0	5.176938E+1	-2.529949E-1
5.000000E+0	5.175943E+1	-2.439124E-1
5.000000E+0	5.174943E+1	-2.438652E-1
5.000000E+0	5.174943E+1	-2.438652E-1
5.000000E+0	5.173938E+1	-2.528483E-1
5.000000E+0	5.175938E+1	-2.529461E-1
5.000000E+0	5.174943E+1	-2.438652E-1
5.000000E+0	5.173943E+1	-2.438181E-1
5.000000E+0	5.173938E+1	-2.528483E-1
5.000000E+0	5.173943E+1	-2.438181E-1
5.000000E+0	5.174943E+1	-2.438652E-1
5.000000E+0	5.175943E+1	-2.439124E-1
5.000000E+0	5.176943E+1	-2.439595E-1
5.000000E+0	5.176943E+1	-2.439595E-1
5.000000E+0	5.175938E+1	-2.529461E-1
5.000000E+0	5.174943E+1	-2.438652E-1
5.000000E+0	5.173943E+1	-2.438181E-1
5.000000E+0	5.173938E+1	-2.528483E-1
5.000000E+0	5.174943E+1	-2.438652E-1
5.000000E+0	5.173943E+1	-2.438181E-1
samedi 27 avril 2024, 16:16:40
Cycle number :   6
freq  ; Re Z ; Im Z
1.300000E+7	4.789569E+1	-5.668829E+0
1.258925E+7	4.797514E+1	-5.678232E+0
1.122019E+7	4.829987E+1	-5.656838E+0
1.000000E+7	4.868308E+1	-5.563951E+0
8.912509E+6	4.907280E+1	-5.409018E+0
7.943282E+6	4.946843E+1	-5.190612E+0
7.079457E+6	4.984579E+1	-4.940129E+0
6.309573E+6	5.019448E+1	-4.656401E+0
5.623413E+6	5.051167E+1	-4.365903E+0
5.011872E+6	5.079798E+1	-4.060340E+0
4.466835E+6	5.105187E+1	-3.757974E+0
3.981071E+6	5.128400E+1	-3.451234E+0
3.548133E+6	5.146273E+1	-3.165627E+0
3.162277E+6	5.162937E+1	-2.886530E+0
2.818382E+6	5.176362E+1	-2.622232E+0
2.511886E+6	5.186531E+1	-2.382403E+0
2.238721E+6	5.195514E+1	-2.159398E+0
1.995262E+6	5.204334E+1	-1.953821E+0
1.778279E+6	5.210043E+1	-1.755659E+0
1.584893E+6	5.215649E+1	-1.566191E+0
1.412537E+6	5.220089E+1	-1.412515E+0
1.258925E+6	5.223462E+1	-1.267465E+0
1.122018E+6	5.225756E+1	-1.140264E+0
1.000000E+6	5.228001E+1	-1.022083E+0
8.912509E+5	5.230187E+1	-9.220638E-1
7.943282E+5	5.232340E+1	-8.310961E-1
7.079457E+5	5.234477E+1	-7.400560E-1
6.309573E+5	5.235575E+1	-6.670957E-1
5.623413E+5	5.236663E+1	-5.941061E-1
5.011872E+5	5.236732E+1	-5.301277E-1
4.466835E+5	5.237784E+1	-4.753793E-1
3.981071E+5	5.238838E+1	-4.114659E-1
3.548133E+5	5.238879E+1	-3.566047E-1
3.162277E+5	5.238908E+1	-3.108867E-1
2.818382E+5	5.238933E+1	-2.651685E-1
2.511886E+5	5.238954E+1	-2.194501E-1
2.238721E+5	5.238968E+1	-1.828752E-1
1.995262E+5	5.238982E+1	-1.371565E-1
1.778279E+5	5.237994E+1	-8.227828E-2
1.584893E+5	5.234999E+1	-3.654719E-2
1.412537E+5	5.234000E+1	-9.135053E-3
1.258925E+5	5.229995E+1	7.302455E-2
1.122018E+5	5.218996E+1	6.376210E-2
1.000000E+5	5.215000E+1	0.000000E+0
8.912509E+4	5.215999E+1	-3.641455E-2
7.943282E+4	5.217998E+1	-4.553563E-2
7.079457E+4	5.218999E+1	-3.643549E-2
6.309573E+4	5.217999E+1	-2.732138E-2
5.623413E+4	5.217999E+1	-2.732138E-2
5.011872E+4	5.216999E+1	-2.731615E-2
4.466835E+4	5.216999E+1	-2.731615E-2
3.981071E+4	5.215999E+1	-3.641455E-2
3.548133E+4	5.215999E+1	-3.641455E-2
3.162277E+4	5.215998E+1	-4.551818E-2
2.818382E+4	5.216998E+1	-4.552691E-2
2.511886E+4	5.216998E+1	-4.552691E-2
2.238721E+4	5.217998E+1	-4.553563E-2
1.995262E+4	5.217998E+1	-4.553563E-2
1.778279E+4	5.218998E+1	-4.554436E-2
1.584893E+4	5.219998E+1	-4.555309E-2
1.412537E+4	5.220999E+1	-3.644945E-2
1.258925E+4	5.221999E+1	-3.645643E-2
1.122018E+4	5.221999E+1	-3.645643E-2
1.000000E+4	5.221999E+1	-3.645643E-2
8.912509E+3	5.221999E+1	-3.645643E-2
7.943282E+3	5.221999E+1	-3.645643E-2
7.079457E+3	5.221999E+1	-3.645643E-2
6.309573E+3	5.221999E+1	-3.645643E-2
5.623413E+3	5.221999E+1	-3.645643E-2
5.011872E+3	5.221999E+1	-3.645643E-2
4.466835E+3	5.221999E+1	-3.645643E-2
3.981071E+3	5.222999E+1	-3.646342E-2
3.548133E+3	5.222999E+1	-3.646342E-2
3.162277E+3	5.223998E+1	-4.558799E-2
2.818382E+3	5.224999E+1	-3.647738E-2
2.511886E+3	5.225999E+1	-3.648436E-2
2.238721E+3	5.226999E+1	-3.649134E-2
1.995262E+3	5.226999E+1	-3.649134E-2
1.778279E+3	5.227999E+1	-3.649832E-2
1.584893E+3	5.226999E+1	-2.736851E-2
1.412537E+3	5.226999E+1	-3.649134E-2
1.258925E+3	5.226999E+1	-2.736851E-2
1.122018E+3	5.226999E+1	-2.736851E-2
1.000000E+3	5.227000E+1	-1.824567E-2
8.912500E+2	5.227000E+1	-1.824567E-2
7.943280E+2	5.227000E+1	-9.122836E-3
7.079450E+2	5.227000E+1	-9.122836E-3
6.309570E+2	5.226000E+1	-0.000000E+0
5.623410E+2	5.226000E+1	-0.000000E+0
5.011870E+2	5.226000E+1	0.000000E+0
4.466830E+2	5.225000E+1	-0.000000E+0
3.981070E+2	5.225000E+1	0.000000E+0
3.548130E+2	5.225000E+1	9.119345E-3
3.162270E+2	5.225000E+1	9.119345E-3
2.818380E+2	5.224000E+1	9.117600E-3
2.511880E+2	5.224000E+1	1.823520E-2
2.238720E+2	5.223000E+1	1.823171E-2
1.995260E+2	5.223000E+1	1.823171E-2
1.778270E+2	5.221999E+1	2.734233E-2
1.584890E+2	5.221000E+1	9.112364E-3
1.412530E+2	5.220000E+1	9.110619E-3
1.258920E+2	5.219000E+1	1.821775E-2
1.122010E+2	5.218000E+1	9.107128E-3
1.000000E+2	5.218000E+1	9.107128E-3
8.912500E+1	5.217000E+1	1.821077E-2
7.943200E+1	5.217000E+1	1.821077E-2
7.079400E+1	5.216000E+1	1.820727E-2
6.309500E+1	5.215000E+1	9.101892E-3
5.623400E+1	5.214000E+1	9.100147E-3
5.011800E+1	5.212000E+1	0.000000E+0
4.466800E+1	5.211000E+1	0.000000E+0
3.981000E+1	5.210000E+1	-0.000000E+0
3.548100E+1	5.209000E+1	-9.091420E-3
3.162200E+1	5.208000E+1	-9.089675E-3
2.818300E+1	5.206000E+1	-1.817237E-2
2.511800E+1	5.204999E+1	-2.725332E-2
2.238700E+1	5.203999E+1	-2.724808E-2
1.995200E+1	5.202999E+1	-3.632379E-2
1.778200E+1	5.201998E+1	-4.539601E-2
1.584800E+1	5.199997E+1	-5.445426E-2
1.412500E+1	5.196996E+1	-6.349332E-2
1.258900E+1	5.193995E+1	-7.252190E-2
1.122000E+1	5.190994E+1	-8.154000E-2
1.000000E+1	5.187990E+1	-9.960239E-2
8.912000E+0	5.184989E+1	-1.085943E-1
7.943000E+0	5.179985E+1	-1.265712E-1
7.079000E+0	5.174977E+1	-1.535451E-1
6.309000E+0	5.169969E+1	-1.804667E-1
5.623000E+0	5.163955E+1	-2.163085E-1
5.011000E+0	5.156934E+1	-2.610181E-1
5.000000E+0	5.151934E+1	-2.607650E-1
5.000000E+0	5.150938E+1	-2.517243E-1
5.000000E+0	5.149943E+1	-2.426871E-1
5.000000E+0	5.149943E+1	-2.426871E-1
5.000000E+0	5.148943E+1	-2.426400E-1
5.000000E+0	5.148943E+1	-2.426400E-1
5.000000E+0	5.148943E+1	-2.426400E-1
5.000000E+0	5.148943E+1	-2.426400E-1
5.000000E+0	5.148943E+1	-2.426400E-1
5.000000E+0	5.148943E+1	-2.426400E-1
5.000000E+0	5.148943E+1	-2.426400E-1
5.000000E+0	5.147943E+1	-2.425929E-1
5.000000E+0	5.146943E+1	-2.425458E-1
5.000000E+0	5.146943E+1	-2.425458E-1
5.000000E+0	5.145943E+1	-2.424986E-1
5.000000E+0	5.144943E+1	-2.424515E-1
5.000000E+0	5.144943E+1	-2.424515E-1
5.000000E+0	5.145943E+1	-2.424986E-1
5.000000E+0	5.145943E+1	-2.424986E-1
5.000000E+0	5.145943E+1	-2.424986E-1
5.000000E+0	5.146943E+1	-2.425458E-1
5.000000E+0	5.146943E+1	-2.425458E-1
5.000000E+0	5.145943E+1	-2.424986E-1
5.000000E+0	5.144943E+1	-2.424515E-1
5.000000E+0	5.143943E+1	-2.424044E-1
5.000000E+0	5.143943E+1	-2.424044E-1
5.000000E+0	5.143943E+1	-2.424044E-1
5.000000E+0	5.144943E+1	-2.424515E-1
5.000000E+0	5.145943E+1	-2.424986E-1
5.000000E+0	5.146943E+1	-2.425458E-1
5.000000E+0	5.146943E+1	-2.425458E-1
5.000000E+0	5.145943E+1	-2.424986E-1
5.000000E+0	5.144943E+1	-2.424515E-1
5.000000E+0	5.144943E+1	-2.424515E-1
5.000000E+0	5.143943E+1	-2.424044E-1
5.000000E+0	5.143943E+1	-2.424044E-1
5.000000E+0	5.144943E+1	-2.424515E-1
5.000000E+0	5.144943E+1	-2.424515E-1
5.000000E+0	5.143943E+1	-2.424044E-1
5.000000E+0	5.143943E+1	-2.424044E-1
5.000000E+0	5.143943E+1	-2.424044E-1
5.000000E+0	5.143943E+1	-2.424044E-1
5.000000E+0	5.143943E+1	-2.424044E-1
5.000000E+0	5.142943E+1	-2.423573E-1
5.000000E+0	5.142943E+1	-2.423573E-1
5.000000E+0	5.142943E+1	-2.423573E-1
5.000000E+0	5.141943E+1	-2.423101E-1
5.000000E+0	5.141943E+1	-2.423101E-1
5.000000E+0	5.141939E+1	-2.512845E-1
5.000000E+0	5.142943E+1	-2.423573E-1
5.000000E+0	5.142943E+1	-2.423573E-1
5.000000E+0	5.143943E+1	-2.424044E-1
5.000000E+0	5.143943E+1	-2.424044E-1
5.000000E+0	5.143943E+1	-2.424044E-1
5.000000E+0	5.144943E+1	-2.424515E-1
5.000000E+0	5.144943E+1	-2.424515E-1
5.000000E+0	5.143943E+1	-2.424044E-1
5.000000E+0	5.142943E+1	-2.423573E-1
5.000000E+0	5.142943E+1	-2.423573E-1
5.000000E+0	5.141943E+1	-2.423101E-1
5.000000E+0	5.141943E+1	-2.423101E-1
5.000000E+0	5.141943E+1	-2.423101E-1
5.000000E+0	5.141943E+1	-2.423101E-1
5.000000E+0	5.141943E+1	-2.423101E-1
5.000000E+0	5.141943E+1	-2.423101E-1
5.000000E+0	5.141943E+1	-2.423101E-1
5.000000E+0	5.141943E+1	-2.423101E-1
5.000000E+0	5.141943E+1	-2.423101E-1
5.000000E+0	5.141943E+1	-2.423101E-1
5.000000E+0	5.141943E+1	-2.423101E-1
samedi 27 avril 2024, 16:23:13
Cycle number :   7
freq  ; Re Z ; Im Z
1.300000E+7	4.764337E+1	-5.588380E+0
1.258925E+7	4.772283E+1	-5.597700E+0
1.122019E+7	4.802860E+1	-5.565594E+0
1.000000E+7	4.839174E+1	-5.470769E+0
8.912509E+6	4.878113E+1	-5.316557E+0
7.943282E+6	4.916638E+1	-5.098198E+0
7.079457E+6	4.953331E+1	-4.848056E+0
6.309573E+6	4.988067E+1	-4.574610E+0
5.623413E+6	5.019738E+1	-4.285783E+0
5.011872E+6	5.048250E+1	-3.990791E+0
4.466835E+6	5.072600E+1	-3.689482E+0
3.981071E+6	5.094715E+1	-3.392837E+0
3.548133E+6	5.113553E+1	-3.109667E+0
3.162277E+6	5.129189E+1	-2.831743E+0
2.818382E+6	5.142542E+1	-2.578105E+0
2.511886E+6	5.153689E+1	-2.340277E+0
2.238721E+6	5.162655E+1	-2.118663E+0
1.995262E+6	5.170459E+1	-1.913994E+0
1.778279E+6	5.176123E+1	-1.726141E+0
1.584893E+6	5.181718E+1	-1.537898E+0
1.412537E+6	5.186150E+1	-1.385215E+0
1.258925E+6	5.189494E+1	-1.250160E+0
1.122018E+6	5.192784E+1	-1.124002E+0
1.000000E+6	5.196025E+1	-1.006760E+0
8.912509E+5	5.198208E+1	-9.073506E-1
7.943282E+5	5.200358E+1	-8.169376E-1
7.079457E+5	5.202493E+1	-7.264522E-1
6.309573E+5	5.204589E+1	-6.540624E-1
5.623413E+5	5.205675E+1	-5.815037E-1
5.011872E+5	5.206742E+1	-5.180034E-1
4.466835E+5	5.207794E+1	-4.635673E-1
3.981071E+5	5.208839E+1	-4.091097E-1
3.548133E+5	5.209879E+1	-3.546307E-1
3.162277E+5	5.210908E+1	-3.092252E-1
2.818382E+5	5.211933E+1	-2.638019E-1
2.511886E+5	5.211954E+1	-2.183191E-1
2.238721E+5	5.211968E+1	-1.819328E-1
1.995262E+5	5.212982E+1	-1.364759E-1
1.778279E+5	5.212994E+1	-8.188558E-2
1.584893E+5	5.209999E+1	-3.637266E-2
1.412537E+5	5.209000E+1	-0.000000E+0
1.258925E+5	5.204995E+1	7.267549E-2
1.122018E+5	5.194996E+1	6.346888E-2
1.000000E+5	5.191000E+1	9.060004E-3
8.912509E+4	5.192999E+1	-3.625398E-2
7.943282E+4	5.194998E+1	-4.533492E-2
7.079457E+4	5.195999E+1	-3.627492E-2
6.309573E+4	5.195999E+1	-2.720619E-2
5.623413E+4	5.195999E+1	-2.720619E-2
5.011872E+4	5.195999E+1	-2.720619E-2
4.466835E+4	5.195999E+1	-2.720619E-2
3.981071E+4	5.194999E+1	-3.626794E-2
3.548133E+4	5.195999E+1	-3.627492E-2
3.162277E+4	5.196998E+1	-4.535237E-2
2.818382E+4	5.196998E+1	-4.535237E-2
2.511886E+4	5.197998E+1	-4.536110E-2
2.238721E+4	5.197998E+1	-4.536110E-2
1.995262E+4	5.197998E+1	-4.536110E-2
1.778279E+4	5.198998E+1	-4.536983E-2
1.584893E+4	5.198999E+1	-3.629586E-2
1.412537E+4	5.198999E+1	-3.629586E-2
1.258925E+4	5.198999E+1	-3.629586E-2
1.122018E+4	5.198999E+1	-3.629586E-2
1.000000E+4	5.198999E+1	-3.629586E-2
8.912509E+3	5.199999E+1	-3.630285E-2
7.943282E+3	5.199999E+1	-3.630285E-2
7.079457E+3	5.199999E+1	-3.630285E-2
6.309573E+3	5.199999E+1	-3.630285E-2
5.623413E+3	5.199999E+1	-3.630285E-2
5.011872E+3	5.199999E+1	-3.630285E-2
4.466835E+3	5.199999E+1	-3.630285E-2
3.981071E+3	5.199999E+1	-3.630285E-2
3.548133E+3	5.200999E+1	-3.630983E-2
3.162277E+3	5.200999E+1	-3.630983E-2
2.818382E+3	5.201999E+1	-3.631681E-2
2.511886E+3	5.201999E+1	-3.631681E-2
2.238721E+3	5.202999E+1	-3.632379E-2
1.995262E+3	5.203999E+1	-3.633077E-2
1.778279E+3	5.203999E+1	-3.633077E-2
1.584893E+3	5.204999E+1	-2.725332E-2
1.412537E+3	5.204999E+1	-3.633775E-2
1.258925E+3	5.204999E+1	-2.725332E-2
1.122018E+3	5.204999E+1	-2.725332E-2
1.000000E+3	5.205000E+1	-1.816888E-2
8.912500E+2	5.205000E+1	-1.816888E-2
7.943280E+2	5.205000E+1	-9.084439E-3
7.079450E+2	5.206000E+1	-9.086184E-3
6.309570E+2	5.206000E+1	-0.000000E+0
5.623410E+2	5.205000E+1	0.000000E+0
5.011870E+2	5.205000E+1	9.084439E-3
4.466830E+2	5.205000E+1	-0.000000E+0
3.981070E+2	5.206000E+1	0.000000E+0
3.548130E+2	5.206000E+1	9.086184E-3
3.162270E+2	5.205000E+1	9.084439E-3
2.818380E+2	5.205000E+1	9.084439E-3
2.511880E+2	5.205000E+1	1.816888E-2
2.238720E+2	5.205000E+1	1.816888E-2
1.995260E+2	5.205000E+1	1.816888E-2
1.778270E+2	5.203999E+1	2.724808E-2
1.584890E+2	5.204000E+1	9.082693E-3
1.412530E+2	5.204000E+1	9.082693E-3
1.258920E+2	5.203000E+1	9.080948E-3
1.122010E+2	5.202000E+1	1.815841E-2
1.000000E+2	5.201000E+1	1.815491E-2
8.912500E+1	5.200000E+1	9.075712E-3
7.943200E+1	5.199000E+1	9.073967E-3
7.079400E+1	5.198000E+1	1.814444E-2
6.309500E+1	5.197000E+1	9.070476E-3
5.623400E+1	5.196000E+1	9.068731E-3
5.011800E+1	5.195000E+1	9.066985E-3
4.466800E+1	5.194000E+1	0.000000E+0
3.981000E+1	5.192000E+1	-0.000000E+0
3.548100E+1	5.191000E+1	-9.060004E-3
3.162200E+1	5.190000E+1	-9.058259E-3
2.818300E+1	5.189000E+1	-1.811303E-2
2.511800E+1	5.187999E+1	-2.716430E-2
2.238700E+1	5.186999E+1	-2.715907E-2
1.995200E+1	5.185999E+1	-3.620511E-2
1.778200E+1	5.184998E+1	-4.524766E-2
1.584800E+1	5.182997E+1	-5.427624E-2
1.412500E+1	5.179996E+1	-6.328562E-2
1.258900E+1	5.177995E+1	-7.229850E-2
1.122000E+1	5.174994E+1	-8.128868E-2
1.000000E+1	5.172990E+1	-9.931441E-2
8.912000E+0	5.168989E+1	-1.082592E-1
7.943000E+0	5.165985E+1	-1.262291E-1
7.079000E+0	5.161977E+1	-1.531594E-1
6.309000E+0	5.156969E+1	-1.800129E-1
5.623000E+0	5.149955E+1	-2.157221E-1
5.011000E+0	5.143934E+1	-2.603601E-1
5.000000E+0	5.136939E+1	-2.510402E-1
5.000000E+0	5.134943E+1	-2.419803E-1
5.000000E+0	5.133943E+1	-2.419332E-1
5.000000E+0	5.132943E+1	-2.418860E-1
5.000000E+0	5.132943E+1	-2.418860E-1
5.000000E+0	5.133943E+1	-2.419332E-1
5.000000E+0	5.133943E+1	-2.419332E-1
5.000000E+0	5.132943E+1	-2.418860E-1
5.000000E+0	5.132943E+1	-2.418860E-1
5.000000E+0	5.132943E+1	-2.418860E-1
5.000000E+0	5.131943E+1	-2.418389E-1
5.000000E+0	5.131943E+1	-2.418389E-1
5.000000E+0	5.131943E+1	-2.418389E-1
5.000000E+0	5.131943E+1	-2.418389E-1
5.000000E+0	5.131943E+1	-2.418389E-1
5.000000E+0	5.132943E+1	-2.418860E-1
5.000000E+0	5.132943E+1	-2.418860E-1
5.000000E+0	5.132943E+1	-2.418860E-1
5.000000E+0	5.132943E+1	-2.418860E-1
5.000000E+0	5.131943E+1	-2.418389E-1
5.000000E+0	5.131943E+1	-2.418389E-1
5.000000E+0	5.132943E+1	-2.418860E-1
5.000000E+0	5.132943E+1	-2.418860E-1
5.000000E+0	5.132943E+1	-2.418860E-1
5.000000E+0	5.132943E+1	-2.418860E-1
5.000000E+0	5.132943E+1	-2.418860E-1
5.000000E+0	5.131943E+1	-2.418389E-1
5.000000E+0	5.131943E+1	-2.418389E-1
5.000000E+0	5.130943E+1	-2.417918E-1
5.000000E+0	5.130943E+1	-2.417918E-1
5.000000E+0	5.129943E+1	-2.417447E-1
5.000000E+0	5.129943E+1	-2.417447E-1
5.000000E+0	5.129943E+1	-2.417447E-1
5.000000E+0	5.130943E+1	-2.417918E-1
5.000000E+0	5.129943E+1	-2.417447E-1
5.000000E+0	5.129943E+1	-2.417447E-1
5.000000E+0	5.128943E+1	-2.416975E-1
5.000000E+0	5.128943E+1	-2.416975E-1
5.000000E+0	5.128943E+1	-2.416975E-1
5.000000E+0	5.127943E+1	-2.416504E-1
5.000000E+0	5.127943E+1	-2.416504E-1
5.000000E+0	5.127943E+1	-2.416504E-1
5.000000E+0	5.128943E+1	-2.416975E-1
5.000000E+0	5.127943E+1	-2.416504E-1
5.000000E+0	5.127943E+1	-2.416504E-1
5.000000E+0	5.126943E+1	-2.416033E-1
5.000000E+0	5.126943E+1	-2.416033E-1
5.000000E+0	5.126947E+1	-2.326551E-1
5.000000E+0	5.126943E+1	-2.416033E-1
5.000000E+0	5.126943E+1	-2.416033E-1
5.000000E+0	5.126943E+1	-2.416033E-1
5.000000E+0	5.125943E+1	-2.415562E-1
5.000000E+0	5.126943E+1	-2.416033E-1
5.000000E+0	5.126943E+1	-2.416033E-1
5.000000E+0	5.125943E+1	-2.415562E-1
5.000000E+0	5.125943E+1	-2.415562E-1
5.000000E+0	5.125943E+1	-2.415562E-1
5.000000E+0	5.125943E+1	-2.415562E-1
5.000000E+0	5.126943E+1	-2.416033E-1
5.000000E+0	5.127943E+1	-2.416504E-1
5.000000E+0	5.127943E+1	-2.416504E-1
5.000000E+0	5.127943E+1	-2.416504E-1
5.000000E+0	5.126943E+1	-2.416033E-1
5.000000E+0	5.126943E+1	-2.416033E-1
5.000000E+0	5.126943E+1	-2.416033E-1
5.000000E+0	5.125943E+1	-2.415562E-1
5.000000E+0	5.125943E+1	-2.415562E-1
5.000000E+0	5.124943E+1	-2.415090E-1
5.000000E+0	5.124943E+1	-2.415090E-1
5.000000E+0	5.125943E+1	-2.415562E-1
samedi 27 avril 2024, 16:29:47
Cycle number :   8
freq  ; Re Z ; Im Z
1.300000E+7	4.752710E+1	-5.549516E+0
1.258925E+7	4.759760E+1	-5.549327E+0
1.122019E+7	4.791230E+1	-5.526695E+0
1.000000E+7	4.826542E+1	-5.430894E+0
8.912509E+6	4.865467E+1	-5.276997E+0
7.943282E+6	4.903885E+1	-5.067672E+0
7.079457E+6	4.940562E+1	-4.818147E+0
6.309573E+6	4.975280E+1	-4.545371E+0
5.623413E+6	5.005937E+1	-4.256399E+0
5.011872E+6	5.034502E+1	-3.953398E+0
4.466835E+6	5.058829E+1	-3.652839E+0
3.981071E+6	5.079866E+1	-3.365138E+0
3.548133E+6	5.097691E+1	-3.082161E+0
3.162277E+6	5.113263E+1	-2.813999E+0
2.818382E+6	5.126607E+1	-2.561146E+0
2.511886E+6	5.137787E+1	-2.315084E+0
2.238721E+6	5.146741E+1	-2.094137E+0
1.995262E+6	5.154503E+1	-1.899079E+0
1.778279E+6	5.161161E+1	-1.712133E+0
1.584893E+6	5.166752E+1	-1.524430E+0
1.412537E+6	5.171180E+1	-1.372184E+0
1.258925E+6	5.174520E+1	-1.237516E+0
1.122018E+6	5.177807E+1	-1.111719E+0
1.000000E+6	5.181028E+1	-1.003854E+0
8.912509E+5	5.183226E+1	-8.956863E-1
7.943282E+5	5.185374E+1	-8.055313E-1
7.079457E+5	5.186494E+1	-7.242183E-1
6.309573E+5	5.188590E+1	-6.520518E-1
5.623413E+5	5.189676E+1	-5.797165E-1
5.011872E+5	5.190743E+1	-5.164117E-1
4.466835E+5	5.191794E+1	-4.621431E-1
3.981071E+5	5.192840E+1	-4.078531E-1
3.548133E+5	5.193880E+1	-3.535416E-1
3.162277E+5	5.194914E+1	-2.992089E-1
2.818382E+5	5.194933E+1	-2.629415E-1
2.511886E+5	5.194954E+1	-2.176070E-1
2.238721E+5	5.195971E+1	-1.723056E-1
1.995262E+5	5.195982E+1	-1.360308E-1
1.778279E+5	5.195994E+1	-8.161854E-2
1.584893E+5	5.193999E+1	-2.719572E-2
1.412537E+5	5.192000E+1	-0.000000E+0
1.258925E+5	5.188995E+1	7.245208E-2
1.122018E+5	5.178996E+1	6.327341E-2
1.000000E+5	5.175000E+1	9.032079E-3
8.912509E+4	5.176999E+1	-3.614228E-2
7.943282E+4	5.178998E+1	-4.519530E-2
7.079457E+4	5.179999E+1	-3.616322E-2
6.309573E+4	5.179999E+1	-2.712242E-2
5.623413E+4	5.178999E+1	-2.711718E-2
5.011872E+4	5.178999E+1	-2.711718E-2
4.466835E+4	5.178999E+1	-2.711718E-2
3.981071E+4	5.177999E+1	-3.614926E-2
3.548133E+4	5.178999E+1	-3.615624E-2
3.162277E+4	5.178999E+1	-3.615624E-2
2.818382E+4	5.178998E+1	-4.519530E-2
2.511886E+4	5.179998E+1	-4.520402E-2
2.238721E+4	5.180998E+1	-4.521275E-2
1.995262E+4	5.180998E+1	-4.521275E-2
1.778279E+4	5.181998E+1	-4.522148E-2
1.584893E+4	5.181999E+1	-3.617718E-2
1.412537E+4	5.182999E+1	-3.618416E-2
1.258925E+4	5.182999E+1	-3.618416E-2
1.122018E+4	5.183999E+1	-3.619114E-2
1.000000E+4	5.183999E+1	-3.619114E-2
8.912509E+3	5.183999E+1	-3.619114E-2
7.943282E+3	5.183999E+1	-3.619114E-2
7.079457E+3	5.184999E+1	-3.619813E-2
6.309573E+3	5.184999E+1	-3.619813E-2
5.623413E+3	5.184999E+1	-3.619813E-2
5.011872E+3	5.185999E+1	-3.620511E-2
4.466835E+3	5.185999E+1	-3.620511E-2
3.981071E+3	5.186998E+1	-4.526511E-2
3.548133E+3	5.186999E+1	-3.621209E-2
3.162277E+3	5.187999E+1	-3.621907E-2
2.818382E+3	5.187999E+1	-3.621907E-2
2.511886E+3	5.188999E+1	-3.622605E-2
2.238721E+3	5.188999E+1	-3.622605E-2
1.995262E+3	5.189999E+1	-3.623303E-2
1.778279E+3	5.190999E+1	-3.624001E-2
1.584893E+3	5.190999E+1	-2.718001E-2
1.412537E+3	5.190999E+1	-2.718001E-2
1.258925E+3	5.191999E+1	-2.718525E-2
1.122018E+3	5.191999E+1	-2.718525E-2
1.000000E+3	5.192000E+1	-1.812350E-2
8.912500E+2	5.193000E+1	-1.812699E-2
7.943280E+2	5.193000E+1	-9.063495E-3
7.079450E+2	5.193000E+1	-9.063495E-3
6.309570E+2	5.193000E+1	-0.000000E+0
5.623410E+2	5.193000E+1	0.000000E+0
5.011870E+2	5.193000E+1	0.000000E+0
4.466830E+2	5.192000E+1	0.000000E+0
3.981070E+2	5.192000E+1	0.000000E+0
3.548130E+2	5.192000E+1	9.061749E-3
3.162270E+2	5.191000E+1	9.060004E-3
2.818380E+2	5.191000E+1	1.812001E-2
2.511880E+2	5.191000E+1	1.812001E-2
2.238720E+2	5.190000E+1	1.811652E-2
1.995260E+2	5.189999E+1	2.717478E-2
1.778270E+2	5.188999E+1	2.716954E-2
1.584890E+2	5.189000E+1	9.056513E-3
1.412530E+2	5.188000E+1	9.054768E-3
1.258920E+2	5.187000E+1	1.810605E-2
1.122010E+2	5.187000E+1	1.810605E-2
1.000000E+2	5.186000E+1	1.810255E-2
8.912500E+1	5.185000E+1	1.809906E-2
7.943200E+1	5.184000E+1	9.047787E-3
7.079400E+1	5.184000E+1	9.047787E-3
6.309500E+1	5.182000E+1	9.044296E-3
5.623400E+1	5.181000E+1	9.042551E-3
5.011800E+1	5.180000E+1	9.040805E-3
4.466800E+1	5.179000E+1	0.000000E+0
3.981000E+1	5.178000E+1	-0.000000E+0
3.548100E+1	5.177000E+1	-9.035569E-3
3.162200E+1	5.176000E+1	-1.806765E-2
2.818300E+1	5.175000E+1	-1.806416E-2
2.511800E+1	5.173999E+1	-2.709100E-2
2.238700E+1	5.172999E+1	-2.708576E-2
1.995200E+1	5.170999E+1	-3.610039E-2
1.778200E+1	5.169998E+1	-4.511676E-2
1.584800E+1	5.168997E+1	-5.412963E-2
1.412500E+1	5.165996E+1	-6.311458E-2
1.258900E+1	5.162995E+1	-7.208906E-2
1.122000E+1	5.160994E+1	-8.106877E-2
1.000000E+1	5.157990E+1	-9.902643E-2
8.912000E+0	5.154989E+1	-1.079660E-1
7.943000E+0	5.150985E+1	-1.258625E-1
7.079000E+0	5.146977E+1	-1.527143E-1
6.309000E+0	5.141969E+1	-1.794893E-1
5.623000E+0	5.136955E+1	-2.151775E-1
5.011000E+0	5.129934E+1	-2.596515E-1
5.000000E+0	5.123943E+1	-2.414619E-1
5.000000E+0	5.121943E+1	-2.413677E-1
5.000000E+0	5.120943E+1	-2.413205E-1
5.000000E+0	5.120943E+1	-2.413205E-1
5.000000E+0	5.120943E+1	-2.413205E-1
5.000000E+0	5.120947E+1	-2.323828E-1
5.000000E+0	5.120943E+1	-2.413205E-1
5.000000E+0	5.120947E+1	-2.323828E-1
5.000000E+0	5.121943E+1	-2.413677E-1
5.000000E+0	5.121943E+1	-2.413677E-1
5.000000E+0	5.121943E+1	-2.413677E-1
5.000000E+0	5.122943E+1	-2.414148E-1
5.000000E+0	5.121943E+1	-2.413677E-1
5.000000E+0	5.121943E+1	-2.413677E-1
5.000000E+0	5.121943E+1	-2.413677E-1
5.000000E+0	5.121943E+1	-2.413677E-1
5.000000E+0	5.120943E+1	-2.413205E-1
5.000000E+0	5.120943E+1	-2.413205E-1
5.000000E+0	5.120947E+1	-2.323828E-1
5.000000E+0	5.120943E+1	-2.413205E-1
5.000000E+0	5.120943E+1	-2.413205E-1
5.000000E+0	5.120943E+1	-2.413205E-1
5.000000E+0	5.119943E+1	-2.412734E-1
5.000000E+0	5.119947E+1	-2.323374E-1
5.000000E+0	5.118943E+1	-2.412263E-1
5.000000E+0	5.118943E+1	-2.412263E-1
5.000000E+0	5.119943E+1	-2.412734E-1
5.000000E+0	5.118943E+1	-2.412263E-1
5.000000E+0	5.118943E+1	-2.412263E-1
5.000000E+0	5.118943E+1	-2.412263E-1
5.000000E+0	5.118943E+1	-2.412263E-1
5.000000E+0	5.118943E+1	-2.412263E-1
5.000000E+0	5.117943E+1	-2.411792E-1
5.000000E+0	5.117943E+1	-2.411792E-1
5.000000E+0	5.117943E+1	-2.411792E-1
5.000000E+0	5.117943E+1	-2.411792E-1
5.000000E+0	5.117943E+1	-2.411792E-1
5.000000E+0	5.117943E+1	-2.411792E-1
5.000000E+0	5.116943E+1	-2.411321E-1
5.000000E+0	5.117943E+1	-2.411792E-1
5.000000E+0	5.116943E+1	-2.411321E-1
5.000000E+0	5.116943E+1	-2.411321E-1
5.000000E+0	5.116943E+1	-2.411321E-1
5.000000E+0	5.116943E+1	-2.411321E-1
5.000000E+0	5.116943E+1	-2.411321E-1
5.000000E+0	5.115943E+1	-2.410849E-1
5.000000E+0	5.116943E+1	-2.411321E-1
5.000000E+0	5.115943E+1	-2.410849E-1
5.000000E+0	5.115943E+1	-2.410849E-1
5.000000E+0	5.115943E+1	-2.410849E-1
5.000000E+0	5.115943E+1	-2.410849E-1
5.000000E+0	5.115943E+1	-2.410849E-1
5.000000E+0	5.116943E+1	-2.411321E-1
5.000000E+0	5.116943E+1	-2.411321E-1
5.000000E+0	5.116943E+1	-2.411321E-1
5.000000E+0	5.116947E+1	-2.322013E-1
5.000000E+0	5.115943E+1	-2.410849E-1
5.000000E+0	5.115943E+1	-2.410849E-1
5.000000E+0	5.115943E+1	-2.410849E-1
5.000000E+0	5.115943E+1	-2.410849E-1
5.000000E+0	5.115947E+1	-2.321559E-1
5.000000E+0	5.114943E+1	-2.410378E-1
5.000000E+0	5.114943E+1	-2.410378E-1
5.000000E+0	5.114943E+1	-2.410378E-1
5.000000E+0	5.113943E+1	-2.409907E-1
5.000000E+0	5.113943E+1	-2.409907E-1
5.000000E+0	5.112943E+1	-2.409436E-1
5.000000E+0	5.113943E+1	-2.409907E-1
5.000000E+0	5.113943E+1	-2.409907E-1
5.000000E+0	5.113943E+1	-2.409907E-1
